2633
4455
6150
7795
7614
9620
8246
2990
2945
8923
5536
8306
6397
2222
4593
5046
6013
378
8161
6964
8125
7710
1868
7212
2733
7140
5953
1562
3171
4050
308
7372
1908
9229
7106
5434
1841
5208
7648
1251
527
5218
3365
135
3739
8809
3757
2708
4562
8865
6145
2646
3957
5462
2122
9575
5041
7855
9137
9786
6329
3756
1114
4364
2216
7914
5948
6520
1524
758
7089
3112
3657
1519
6666
6314
5752
2746
2712
313
6157
5648
9605
9851
2950
748
9425
1633
2081
6798
9847
5020
8343
659
3852
5977
4439
7379
9086
8748
2877
3423
2476
2282
3581
7270
5734
3668
1794
2114
6271
8972
7483
7621
5496
9203
5695
7226
1988
9963
3555
6521
9051
2839
4123
9747
1158
7337
3977
1604
9901
6320
3450
9098
9760
7800
6836
6251
517
8734
8491
5192
495
9780
2654
3136
4616
2341
5726
4160
4762
3663
9699
2553
9068
3119
290
7471
2496
7096
5271
7102
3121
3745
219
1660
5844
6180
324
9096
5784
2889
2669
7216
8664
8721
2975
9518
9368
7979
9456
134
9580
3452
2053
9275
5170
8667
2470
7623
3860
6874
6753
4378
6398
8123
4367
9376
3679
4945
3472
5569
5210
9612
6729
36
6165
342
826
355
1990
8033
5540
8045
76
3452
6744
7939
9248
138
9378
4722
1484
6559
1167
4002
9452
12
1221
6175
9097
2364
9780
464
7130
8528
1599
4439
1514
7574
9252
4614
7971
8700
7276
2265
4416
9535
3483
8045
2696
3326
966
901
4677
6949
7670
9645
3929
5187
5147
8038
7041
8525
9376
1172
5347
3415
9746
21
1365
9475
4794
5273
3427
3285
1627
2204
9005
9585
3822
6794
5597
6606
9155
7588
7259
2908
6463
5284
6797
7332
8408
800
1309
6586
608
2719
2707
5448
1728
4110
4491
932
9105
1119
9489
5539
7516
1537
7675
7247
4209
1008
3187
2938
8814
7861
6054
1678
9838
5269
8995
9077
1066
2466
9697
655
7531
6896
7691
8056
4843
8403
5459
1011
6290
2015
5939
3212
3129
5107
4566
2344
9167
5650
6619
7635
5378
508
4717
1222
3802
7926
2894
4548
5403
1171
3924
9876
9515
8506
6568
9436
5404
66
7384
7771
8923
9006
5975
4676
651
4946
2012
406
2264
9572
2276
3286
5736
1944
8771
6068
1663
1943
6347
3473
9759
6788
4807
5377
5823
3880
6490
8381
5454
8763
1757
3723
331
1484
8660
6436
1614
1765
2264
7237
7635
9200
6903
6032
6089
716
8789
9164
4228
2730
7165
2905
267
6372
3144
444
7224
8008
907
6122
4593
8132
4226
5719
4817
9918
6463
1307
5267
1472
9686
6192
8757
8922
4852
2796
611
8831
6619
4496
3922
6104
255
3803
1409
1831
6292
837
4500
1737
7676
4684
4625
2542
4140
8817
4511
1386
6272
3692
492
1697
4474
3765
9838
3497
6929
8462
4588
7033
6286
1792
8143
887
5432
5008
5584
8120
3749
8696
8904
9840
1623
973
6327
6745
7707
9496
4338
9774
8141
5432
8204
3212
3955
9850
4153
5640
7343
6309
4147
6577
4048
4772
1335
3051
9653
867
4335
4538
9760
6883
3482
63
8753
353
2091
9757
854
485
9164
7042
1270
511
1120
4890
9424
6337
557
9443
5200
5440
8559
4574
1880
5544
6928
4653
2699
1915
9381
4552
6220
3395
2744
9945
8573
7851
8228
585
142
1973
7155
5009
5281
4447
1960
5656
1048
6305
7354
6877
2461
5463
3507
4779
3093
3981
5029
3937
516
3605
7760
8627
9733
1048
7404
4883
9485
7045
4753
6644
9414
2958
4997
2647
2323
4207
2218
2347
2260
9513
7684
8323
23
754
1937
330
375
5522
9593
5909
9826
7138
3443
8197
119
4035
2771
3970
8519
6281
581
1215
8862
6849
8766
7970
9271
4478
3878
6389
8839
9037
9092
9682
2799
2052
1157
1481
4248
5147
9341
3670
7434
5258
9100
8468
5682
4033
3649
5350
7353
9600
6174
6208
1588
7236
7238
6358
6667
6650
5001
3098
5643
8154
4844
466
7866
3706
8506
6962
1026
3262
606
179
4797
5874
4066
1494
7375
2937
3917
7900
8919
1200
256
4504
3434
4070
7449
8943
8418
6054
1277
2335
8853
1032
3361
6485
3083
4157
3593
1025
4646
2417
743
3310
6014
3159
9528
4138
4959
3504
4505
8837
756
1857
6715
6588
52
8094
3057
9725
1361
2132
8469
2228
9772
4340
5070
3527
5642
534
3147
5457
9765
2792
5907
8920
2748
6565
2795
7816
3146
5290
1133
8065
8863
4653
9180
5571
9972
3603
8221
7498
7930
5481
4892
6582
3704
2245
5056
6262
2020
6540
2932
2953
7077
429
4673
1773
5273
2104
5890
7918
3619
1162
9358
114
3674
4355
522
645
5520
7341
4448
2469
4166
244
4873
252
4990
5258
6824
2083
6125
6796
9974
9853
9502
8947
7476
250
7552
1174
5815
7448
5368
9987
3099
7035
5755
6720
4618
7815
5670
8467
1910
5397
6126
1206
4301
4028
7471
3657
6335
4589
4957
2782
9942
6965
3156
8471
3265
5732
3076
7568
3939
3656
544
663
2450
7582
5588
1318
4248
1128
5369
1097
1543
7758
8530
2944
8850
6105
8554
8668
9316
5819
8495
1097
5853
4337
1222
4811
9829
9036
3674
7605
4022
3574
5868
4453
2947
2437
5253
6592
7875
3330
5214
4414
2387
3664
8433
147
5074
8472
2605
8482
6737
4482
2836
5184
224
5148
7177
6606
3311
2617
436
8179
4530
2005
8883
6082
1029
6283
2370
1492
5043
8188
8049
5720
8537
6830
5131
5116
2448
996
753
4331
1573
3701
4458
7181
4146
3847
7603
1110
8175
8889
192
9004
4974
8329
3195
9407
9088
8860
888
5154
3592
2478
917
6075
8767
5818
9705
552
3580
8925
6158
8143
6908
3348
6293
8062
981
4206
9304
5823
9048
3270
7594
4985
5614
6093
8067
1983
2244
4908
6330
5734
5530
8533
2006
5809
5635
4385
1257
4637
9366
4217
2227
9244
9309
3360
5941
9638
8800
1977
1871
4661
2701
3569
2266
3218
9951
6986
283
7622
8228
9267
3583
764
4186
6589
5282
6272
7819
4376
9058
9636
7116
3004
5145
8022
5799
4739
9440
9028
2173
7789
8752
4427
2398
1246
2239
263
7279
6351
5835
4130
7460
927
8840
3640
2641
6087
9165
6858
9609
2801
12
2722
6800
3114
504
2275
1143
4481
4173
5668
9293
1295
8751
6700
7067
2395
7673
3395
5616
8765
8438
5772
9710
1558
7636
7035
8143
658
8573
2719
9608
3352
9358
1097
5304
8314
4662
9318
5634
7206
5365
1466
7640
561
8997
4223
4432
5490
5094
640
9950
5154
5562
8386
5284
392
8012
9568
7308
3383
6908
5072
4559
8934
9445
132
3572
6697
6950
1387
1604
4084
7757
806
4626
5593
9651
3276
6713
702
8926
4593
6106
3907
6239
1009
507
9418
4297
6481
416
3992
888
1919
9710
2347
2029
9085
6015
7306
9172
8556
7394
7339
4990
6393
4256
1926
6926
8390
9772
2915
4928
5135
6281
8400
262
7302
9625
7577
2412
7197
9602
7747
2812
9961
2847
4025
5371
6249
5303
4532
5305
5538
7556
9252
1318
2881
9537
4189
1970
4280
4373
3375
8021
9768
8688
3868
4278
3612
3916
5392
8195
3503
2564
9671
6242
7237
4038
7072
7035
8940
2682
583
3080
2831
3794
2669
5926
8904
1387
2246
2739
4862
656
9840
3838
8239
1338
1942
665
8213
3592
7070
9870
5665
6556
781
9723
6835
8909
3034
7057
2737
1988
7383
6888
3649
104
4698
9721
4877
5295
3839
5142
9073
554
6925
7412
4096
2653
9418
7748
8921
1474
5440
1774
5709
2649
2810
5379
8371
1379
4144
1486
4779
3533
2172
3544
7637
1567
7433
4372
6986
4931
4497
4096
2071
9660
8434
688
1847
7121
2750
593
8515
201
2234
2386
5410
7604
2395
8322
1473
4033
6803
8750
4081
8344
1353
3086
2581
6788
116
9661
5761
918
1380
9968
5240
7229
1193
8023
4417
6105
860
5866
3718
8766
7908
1064
533
496
5296
1598
1695
1286
8873
444
8402
5181
1634
8617
1825
3247
1490
2978
1895
7452
4799
1063
4014
5429
9886
5842
1267
6251
490
1436
6166
8755
6187
5468
3951
5055
1178
4856
4862
2316
295
374
9952
1949
1082
8193
5823
8883
2920
4437
6013
6840
4626
3199
6216
6020
4091
1429
6785
3303
9208
1410
1967
4581
6131
6435
635
4817
1600
7385
6364
6846
1395
2890
2931
5884
2112
1388
6547
7133
720
7445
8135
9423
9186
9603
5298
676
6143
608
7574
3213
9234
7302
428
3700
9071
4423
3512
129
2130
5158
3942
9517
3726
8059
4279
6063
8397
6859
1025
8951
1255
4920
2808
2144
2006
3451
2707
5892
8185
6600
4274
8596
7441
33
1295
6375
8043
4582
3087
1375
1975
9409
2107
7456
3634
1805
8949
9607
6094
5059
7874
7850
6563
672
6175
1134
142
1659
8937
1102
9108
6035
4110
7091
7945
7911
8068
9711
9068
38
6695
5189
3413
3746
1304
7308
3037
2316
3467
8259
2735
9660
5527
3318
810
5415
2043
3200
5763
8314
727
4377
5117
9397
6782
4039
3399
5854
3137
6378
2959
1397
1454
8351
198
7471
7510
2261
7688
8401
3923
5286
2468
9493
4617
8670
4997
2910
3648
6834
5548
5384
8488
4333
3307
1529
5725
4269
9076
3539
8034
8143
6832
9768
1942
296
3865
5989
6125
9153
244
7464
69
2683
6248
5288
2582
8992
2426
6236
8625
100
4950
4547
7319
3833
761
5555
7565
3077
3706
3397
6420
7389
7170
4717
205
6141
6570
3861
7916
1550
2913
5702
2292
871
1444
5835
7531
4447
6228
565
1809
7084
7989
1591
2802
8871
7082
1522
5994
3009
1259
8176
943
8129
8796
3014
9895
5490
1511
5012
3518
2287
7405
6893
6909
7279
9182
9118
1274
8498
7715
6533
8473
8903
9370
5768
478
6067
2254
7462
6113
5474
4237
803
6683
2733
5468
1052
3254
7264
5376
4477
1702
4494
2034
2832
9857
9732
2555
3319
6384
9277
6882
9317
7888
7838
9250
6120
7114
1074
9725
200
9752
122
6610
3693
4928
7085
8019
7955
8678
6868
5320
9486
1608
1304
3626
5670
2391
1245
5360
2144
4216
606
4232
861
8833
6003
5376
3387
5331
7431
799
9109
8483
5054
7107
9093
3073
2976
3754
8798
3947
109
3934
7243
8390
6037
5065
8175
8430
9780
6486
9247
2285
7820
1788
7717
8736
9786
6336
9543
8534
8733
4785
5255
1332
8244
182
1680
2747
3842
8390
3177
4204
9437
1118
779
926
8424
2394
3569
5408
5831
5900
435
5283
9915
7565
6624
4209
1026
9504
8063
7123
1936
3617
6734
574
578
4266
5493
6352
4083
4056
2082
4531
5151
5583
3373
4336
1930
1057
8179
6952
315
2779
2217
1970
1085
8077
5065
7244
1130
2246
8682
4126
8608
3445
8377
2506
9236
1177
6342
418
5464
7360
3599
6251
3131
4403
4436
2990
6150
3795
609
355
1380
3058
3542
4041
3930
8291
2533
2102
8273
6157
8820
5683
4860
860
9870
8872
6077
2626
2148
6364
5345
6074
4301
7544
165
7287
2535
4956
1360
8412
8875
9845
4638
1720
6919
2855
8562
3903
9023
7653
6734
8829
5651
2991
214
6585
6466
2572
565
8811
3779
9374
6097
8275
962
6928
6398
8247
5211
7581
6824
8741
1627
5130
1781
6111
7165
9383
5976
4270
6666
6358
7263
6808
8871
2892
1927
6114
3536
1416
7131
8560
2354
42
8351
9929
6368
403
296
6789
5225
9172
2388
3421
2020
3173
1098
8295
6359
8696
1767
3265
5947
1697
1004
889
1400
8462
161
7155
9104
5737
7169
2678
5803
2662
8115
1568
5583
5503
4208
5321
171
8558
3740
3148
3146
1426
2821
6440
4894
8541
6812
1469
9166
6319
2985
1845
5502
6046
6993
166
3523
2772
2152
6311
3256
6906
2427
1877
6880
3941
2177
2611
9975
8430
5647
3915
9104
7875
9633
6150
3601
5981
2106
2435
2052
3652
2379
7605
1329
1175
4937
5654
3579
8759
2839
9525
4358
9268
9539
720
9829
9560
8848
2319
5143
7093
4500
1752
8195
2359
4145
7230
4087
7347
5059
4958
8601
7583
4665
7063
2061
245
5296
5791
9171
8458
4528
6616
7727
7682
4196
8220
7552
8486
1793
7225
4043
8625
2340
7111
9878
9483
22
7155
6765
3086
7479
2864
6936
4805
6692
5910
4901
9669
9694
2594
4308
3085
2240
5044
8376
5167
1636
2157
2796
8695
2353
9579
2778
3228
6949
376
2491
9853
2129
1862
2393
8488
2868
3103
5563
1466
2499
3330
6397
9702
8939
5697
7105
9108
9405
911
3229
9799
8534
2572
7353
3246
8574
6685
5513
10
4377
781
9252
4151
738
205
5397
142
4563
5833
9793
3206
595
7720
2135
4142
459
6290
4694
4593
3727
1034
5062
1002
3508
7567
6504
3235
1439
1799
8217
5600
8617
3495
3562
8643
418
9104
7910
2754
1617
3052
4244
9628
3802
3954
7824
2741
2803
7429
6233
5172
472
523
6003
8564
6610
9690
6991
9281
4134
4538
2662
9108
5580
7313
8870
5973
136
1145
5786
2321
4961
7899
434
6965
2244
803
5496
9577
9856
2650
8717
5857
5957
9947
4244
3053
444
6011
3157
6910
7426
6538
6797
3003
3021
7144
2577
5354
1959
7570
7114
5664
9586
4267
4635
4702
4791
8464
8918
1294
4289
3919
6401
3977
9354
4770
5489
428
8500
39
3134
8535
7658
7033
6950
2430
9043
3603
7585
4901
2088
8596
7736
7188
7541
4882
7638
1522
648
5697
3715
1491
7873
2783
7236
8864
4677
7681
8771
8424
3652
1472
9184
4365
6201
2427
6797
1194
3254
4328
496
6172
2934
2623
8379
4512
6367
7925
2888
5746
6065
9815
1301
6270
6466
2703
1486
2620
5366
3872
7821
7436
6466
9405
3679
9504
8261
4614
9428
2028
8365
5358
3177
5474
8201
6893
572
1086
5779
7817
4496
6131
4054
2902
4691
2835
3906
6727
5444
4983
1591
6269
8422
4136
883
9477
741
7066
2871
3894
2284
638
2815
5662
3068
9393
6512
1720
2921
3684
3736
987
6744
2973
5122
5622
7217
9673
5139
239
3024
9956
6429
9677
6573
3603
9733
2895
7874
2716
9240
5371
8851
2950
2576
420
5441
8177
5738
7862
9336
8486
7569
5096
4260
2151
9656
252
485
7066
8873
5554
7265
6997
1725
5323
5307
4968
2253
7181
9015
3188
928
3830
1954
2464
4754
6704
2690
1716
169
4736
7353
3462
9091
5715
307
2541
3403
7861
4476
5325
7058
9200
4405
2279
6650
5166
6109
1833
7257
7137
7194
8681
8148
8452
6419
6541
4293
7777
1724
9681
2876
8378
5493
8826
8668
9454
950
395
7330
9070
4754
4823
7074
1886
7430
6686
5497
5023
524
5023
4029
7058
7638
2702
604
1520
7636
2713
8469
2696
3221
7453
5963
1489
3918
8133
6670
3186
9484
8040
3497
9456
3413
9601
8785
688
8220
3039
4052
1422
3160
1200
2398
9397
8298
6730
8814
9335
9862
876
1153
2829
9906
1188
4621
272
57
833
7791
847
1734
5977
2935
7120
8123
8672
5945
3713
1494
1388
1660
4623
9430
775
8597
736
361
1299
8817
5738
5517
6597
2847
7644
1787
958
8504
9157
2947
3231
1321
2474
7936
9430
9856
1961
7568
3060
2962
2348
6037
6150
544
2696
9476
7509
9088
8282
1390
5180
6382
8444
1427
5183
8295
9811
6361
9558
2824
2181
6928
5557
8637
8490
8718
4279
8970
6740
9016
4359
5967
452
3418
393
9640
3259
6763
8557
3621
8144
3907
547
2893
8624
5516
266
9062
8341
423
1918
3673
4516
2294
7219
6305
8480
6299
3288
9604
9201
5039
6625
4018
6535
4806
6336
5248
5999
4872
9562
9514
3386
3141
1272
8924
9353
6508
6367
8692
1536
8529
4664
1979
5382
6089
9051
8499
8970
9611
3413
9932
8244
2207
9310
8275
1914
1339
4206
6488
3202
2038
25
537
8004
4474
5133
1177
8592
7355
5381
6823
9332
4324
5945
724
3881
6134
6442
147
6678
8755
17
5001
3005
9927
7481
7797
9889
1575
4451
1388
255
5234
2904
5419
8136
7725
7035
6124
4160
7129
7563
8925
2328
784
3813
4766
2065
5128
4058
1141
6321
6818
8965
8128
2304
6629
199
1844
2935
5220
9904
3297
7726
4743
7140
6268
4943
5434
264
7847
553
3635
1807
5662
9848
3380
1634
9310
5830
4282
8592
2548
4878
842
9772
7134
8982
3636
3159
2678
6512
4480
9369
1348
397
4587
6951
1602
4811
6373
5511
348
6311
600
2077
4056
6516
438
1705
3331
367
648
2451
2159
410
305
7216
5455
7842
7826
4713
4971
418
4540
7817
6381
6297
3559
367
9708
5456
2969
3285
9536
9953
4785
954
6090
6708
5570
9430
9363
6718
5449
7703
8243
2361
4623
3143
934
9574
648
156
8375
2335
1467
5858
5754
6346
9073
660
7856
2404
1898
8441
8791
3092
57
6485
2936
5358
3823
5449
6782
1710
4273
8815
5693
8659
9201
4072
2003
8214
9243
2011
9626
3133
1805
7515
543
8623
9595
1896
6894
3892
1607
2949
7332
9357
4290
1532
9526
8323
2334
3458
9133
2543
9469
1321
9000
3386
1107
3872
9338
7301
8150
5960
6070
2519
6691
3883
5431
631
8010
7669
5373
3770
2651
5430
4062
1009
6534
1272
8298
8520
4049
9274
9759
9177
5311
8026
1439
4392
6481
2709
2713
637
6613
5199
999
8017
4386
6241
1286
9091
5327
2852
2490
6992
917
4309
6332
1698
9720
2527
3352
3418
6525
739
7680
8878
1244
4554
4885
6750
9774
4624
6822
7455
1610
1914
3143
2293
6988
9501
5579
2110
6042
3042
7941
4048
218
968
3769
6698
2611
478
9047
6739
5440
808
5129
8818
6155
925
2321
3969
226
8433
5534
9328
2645
2500
4566
1637
9631
9216
4465
1236
396
188
3498
3124
3902
1917
5323
7885
8178
8438
4001
7957
8549
3706
1019
9074
7926
5418
8238
7501
6257
7855
926
7913
300
5640
4085
1885
6184
8114
3206
5526
5870
9320
7984
6819
3319
7890
2870
9622
2730
5994
3500
1691
7351
1178
1754
6241
6718
204
8548
7893
3437
6272
6851
5486
168
167
7310
512
3244
611
747
1712
1124
6409
8676
5199
779
4748
6857
9389
5096
7944
5294
486
9369
7979
2871
2771
3247
2082
9102
1584
9967
8446
5541
7809
4532
951
4470
5460
8061
717
2542
1505
5001
895
2191
5693
7167
2516
8655
3967
491
5819
6994
9594
2014
5875
5202
3480
3434
4632
3577
4989
2787
1139
9742
164
5398
3302
9779
7636
6222
1133
9627
2508
3485
9401
1625
3951
1625
3894
8254
4316
3076
7491
2365
5546
6039
8662
4453
3928
2220
8251
3144
7817
6313
3417
4022
200
5416
4084
1136
6078
9740
1548
669
1640
9641
5197
1900
6853
8008
5210
5234
8570
6847
4994
5820
7037
461
2308
20
303
7246
3345
7075
9365
6526
3454
5200
3256
3674
5988
2060
9609
5127
2015
2766
3418
896
3132
4562
3890
6304
4790
9116
6154
538
997
2562
5650
3686
1135
1977
7734
6913
9609
2527
8121
7392
9858
3317
5757
5663
2076
263
6288
5434
2275
1084
556
1686
2144
9500
9263
8167
6053
3087
1878
765
1432
6039
1345
1001
3150
2603
404
5346
8417
867
6680
3891
2012
1983
9624
9722
2558
1033
1644
8588
4851
9127
5729
9458
6412
1670
8704
6579
996
5143
8988
8176
3882
800
7045
3278
8303
432
8761
800
8681
6185
6229
8951
8269
8487
9120
4149
5518
9903
7819
6362
3945
9761
8679
7494
8502
883
4149
3075
9130
4733
4643
9941
503
8867
2346
2393
7991
9682
9055
6651
3038
546
7977
7917
1803
1888
2111
3654
9243
4793
2713
8508
4636
2280
7268
1792
2457
1882
4312
6778
9373
8521
5344
5031
7147
2983
424
9919
7642
8675
5238
364
7629
3583
6505
2636
5675
8303
2019
1731
7714
5045
8826
5261
1225
7992
2241
1413
1949
7795
5338
176
2540
2395
3165
6202
8974
3367
6704
2081
4848
8905
1183
9798
9319
5593
6140
8519
5944
6862
2185
2889
463
9923
4152
4767
7658
7920
6540
9648
8467
9977
3425
9969
3833
3039
5631
9118
5849
5650
1948
1984
7588
6319
9512
3046
5942
1650
8488
8854
9901
4768
4372
9225
2722
1999
8599
3057
9167
9063
3363
571
1204
7896
5895
2289
8518
3020
2888
6350
7046
7003
5453
6898
6938
8074
7954
6643
4869
5961
7344
2307
8586
2005
3669
9804
542
9795
3749
6461
8473
2124
3605
7010
1625
4768
962
7611
2962
6478
213
5731
8734
1584
7498
9515
6493
1640
5333
1571
4122
8317
6108
9098
9471
6858
1686
1475
8556
3165
9462
3152
3066
7258
1442
944
6244
4507
3570
7874
6101
8379
6369
9383
9804
1118
8914
702
9783
6047
9810
3713
2155
2182
524
3250
3857
8463
530
3806
9702
997
1407
4260
3372
1212
9805
5279
4541
8119
1979
3702
7241
9234
106
9351
9116
6197
9084
2428
4137
3698
2015
271
5457
2005
7199
3689
1854
945
9917
5432
2249
362
8172
8536
8846
7996
2787
9014
982
930
1372
7810
3341
9142
9981
674
9631
1335
2971
5802
1986
234
114
7102
5846
7692
9597
617
9370
8693
70
180
419
8595
4074
6222
8280
6581
4544
8008
2655
1815
3200
5064
7845
9263
9620
6652
3296
431
6082
348
6239
2589
9352
3287
2008
2165
8664
9454
541
4905
2184
7749
9555
4511
4979
976
860
7046
7999
5939
8351
1005
6589
6946
6499
8124
4907
2394
8679
7066
3848
2675
5334
6464
3069
6300
6321
7250
6715
4033
5918
1687
7268
6339
2577
1773
4535
1221
653
4250
971
9341
8152
2881
3245
4301
1038
4636
1486
6349
7888
9324
5800
4194
9206
672
5424
2944
4261
5334
6649
4539
3780
2602
6365
334
1754
4538
9077
1746
1528
1097
7648
4970
8157
5411
9047
3542
3003
209
5775
204
3844
1685
5813
3279
4900
4380
239
9152
7331
5219
6874
7104
9720
6337
9689
3321
6999
5108
3523
4272
6809
857
1956
4421
8506
262
3777
2077
3479
9112
6580
97
8704
4369
2039
6778
8278
1513
1684
996
2170
810
2327
1884
6705
9831
525
7635
1723
5023
7702
3981
6720
6565
4356
8501
1136
5627
6679
3759
9845
6342
4601
8600
2454
1734
9058
9287
7372
6845
2372
6695
6809
4775
9466
3129
9903
6383
3748
3984
1865
2565
2017
9969
154
1146
1417
632
9070
9814
4474
3642
8538
1807
6948
5444
4451
220
9732
8383
8866
7391
8593
4441
8102
2339
6010
5697
9976
1075
989
5401
5736
2088
1331
6638
7816
7242
1438
1378
6820
4183
7602
3906
28
2197
6774
8194
9605
9862
5250
7930
1530
1544
4356
5460
676
6195
4356
5046
6030
8099
8672
7799
5752
4364
2369
2655
8057
3675
792
5598
2916
3032
5815
5206
9866
3732
9150
8322
4484
2516
7223
4038
9180
4037
5938
4627
9387
6463
9518
55
4846
6458
5655
9465
7490
8510
9805
2720
360
7782
2065
3217
6425
1714
142
9459
5735
6294
7905
7585
6430
7882
1881
2509
7585
7989
2958
4023
6499
4127
4929
1420
210
4864
4907
8110
8085
6145
2731
9732
7432
1888
582
5077
7063
5345
1037
5031
6407
5823
6891
8151
9669
1572
4993
8998
7890
2648
1813
9200
6117
4439
341
9031
3190
6538
2614
1244
2039
9635
7219
8067
5247
1260
4212
8733
3529
349
8121
9663
9142
4535
2506
3774
5326
7720
5827
7196
1188
810
7765
8116
1257
3382
4690
7449
8693
7770
2748
8657
7726
7131
1356
1878
3545
3136
9865
7341
562
5098
168
7157
8595
6572
9719
864
6387
9518
2428
2839
1862
1934
2838
8174
6575
6050
3608
4909
4538
8501
4163
8241
469
2064
3132
5089
9233
3835
5836
4243
39
6330
5578
3276
5886
6329
2787
3674
9255
9062
2391
234
611
4154
9766
1876
8456
5813
2959
460
4120
8259
5780
9736
4399
1075
531
5212
9600
2401
1457
2267
5550
5419
7072
3893
738
336
2923
9303
1473
3590
228
8383
621
530
3726
107
3001
2329
2363
4781
2553
4365
7090
655
5005
1654
312
8231
1139
9030
2895
2349
5231
1920
3840
4692
5961
37
8078
4886
8411
9109
1030
4595
1468
7374
5777
8569
739
3043
8819
1946
3885
1657
7733
9794
1121
930
7942
8703
7723
1800
7373
3168
398
2856
478
1914
5969
8738
2211
2394
6469
1421
6095
4392
3640
6304
5521
1430
7527
9477
4102
1302
3708
7806
5515
3417
2859
7675
9356
3398
7647
6868
717
8896
4247
4798
8750
5492
6497
1790
2564
7969
5947
9710
9702
470
3739
5245
5070
8344
9949
8160
2557
5254
6057
1443
1114
5240
6392
2031
8533
8729
8296
2294
8402
6090
3632
5606
5812
915
3185
8143
12
4132
9059
4283
4501
9482
6439
8855
9753
6674
4670
6488
3699
4487
2608
6952
7053
8899
1408
3460
800
596
5608
1799
3480
1167
6941
6616
8391
2342
4511
5643
3823
4712
1471
2150
6021
6458
8890
9462
821
5148
2713
5629
9087
9237
6000
429
3893
3117
7871
8206
809
4618
5616
3243
3772
6509
4227
4117
4681
8226
8397
64
8119
6535
4060
6599
6033
9979
3954
2138
5821
4667
8109
5792
9068
8788
1499
990
8036
7253
2092
8564
7125
1338
1499
6295
4378
9131
418
5771
3341
3464
8432
3641
4350
4261
6711
540
7018
2742
501
2080
3394
5202
6822
604
8114
2063
8011
4653
670
4677
1718
1932
3329
1716
1919
4363
74
8747
7733
9727
1607
3416
5061
6106
8410
212
8756
1849
3788
7683
2737
1225
8354
1375
8075
8813
1433
1476
6468
935
2631
5254
3627
8555
4688
1140
6116
1096
7856
4839
7285
5114
9770
7055
9960
5107
631
9530
4418
4797
8488
2124
2562
724
6328
5665
5786
9559
1064
2221
4674
9047
5881
1948
3120
6162
2360
6207
2993
7049
1278
1864
1239
359
7655
8738
8712
259
2106
5542
6322
5438
5401
6069
8261
6815
7806
5115
3130
6780
5952
7845
6603
236
6045
5505
3642
5441
9157
789
9071
2421
1364
3239
3082
6013
3978
3815
9105
5211
5877
1813
3539
294
1408
550
2436
2223
2257
30
3270
5834
2249
9812
6681
548
1547
41
9456
4887
6489
2715
6610
2727
7596
2104
5383
2844
5878
3585
6841
2604
1570
1069
3149
5084
1577
8371
8123
2274
7676
1749
8158
7612
1418
4817
7731
3053
3858
1154
9846
5147
2465
4134
600
8166
9240
5351
5712
7105
6543
4904
1045
7107
3410
9907
7093
7147
4466
3758
4007
8987
4853
6015
2099
5217
17
7324
5862
4053
686
8125
6348
1011
5756
752
4703
7745
8158
7135
9067
1740
7190
6332
3748
4562
4496
7209
8852
4036
2702
9527
6811
1449
6579
3906
151
6231
4168
7221
9665
2659
4934
5365
6339
6989
6945
7943
8905
5252
7807
3427
1028
1738
2900
8122
1688
1834
2488
2166
440
1005
4928
1090
1296
2310
4755
1392
8369
5402
2305
9842
3209
1282
7618
638
5982
9319
9977
4908
2391
8609
4447
9584
5829
6047
8954
4691
6835
6694
581
4466
7987
7459
9814
5665
7723
2158
7354
9304
2177
8822
9339
2774
8015
6518
9238
8772
925
4792
3107
4368
2974
5741
606
5991
2865
4604
4046
9816
1802
8323
1108
9235
1208
9737
8864
7637
4786
6506
2783
3211
6801
7104
9755
1555
347
6610
8515
8438
4696
4673
3891
4812
4304
7450
8673
1752
9841
3320
3413
1283
8423
4721
7325
6700
7287
814
2844
5021
837
5792
5414
5869
6013
7871
3493
4993
1812
4085
9302
3560
157
6590
3819
827
4187
2463
1932
1608
6854
3548
6621
1735
2950
6418
4969
9780
5169
5306
4167
7530
7121
3826
243
6507
9819
3248
5801
4002
1181
1496
6687
7897
6427
741
7295
9853
4882
8562
9834
5267
4581
110
1023
7221
8002
6765
7906
6541
6322
209
9591
4805
9841
5345
2636
482
2916
7505
5659
7537
4265
470
5323
9136
7522
8140
5271
4688
2454
5010
2760
4456
1912
8669
7724
4877
5695
2689
8738
4598
2521
5444
312
848
5761
5269
4602
7613
1983
489
432
9019
9745
4913
7007
7550
2293
5365
9710
2982
4941
6665
8526
875
6226
4114
429
31
4334
6808
3682
9428
95
4404
2458
4380
7835
6839
663
6530
8358
3923
8325
8013
3556
2178
8595
5520
5033
7650
5315
5768
1020
5189
1521
8428
6552
6325
7512
4687
9880
2821
4630
4855
1717
1624
5573
873
4673
7526
6746
706
4380
1463
4651
7750
6513
3571
2737
5105
4832
9252
7596
3630
2921
5214
1539
286
7655
5233
9828
8168
6047
832
493
3657
6724
9440
895
1134
3411
3899
7329
3354
6201
8926
8487
3946
8734
4781
6120
7482
1167
1723
3467
7327
4374
7607
1056
7561
3319
4701
3167
8834
2329
7843
4293
9300
5503
3972
5937
8583
1731
802
3498
3940
6969
8050
9360
7504
1057
7429
5101
5633
9706
2343
7188
3488
5836
3901
5496
8844
954
6506
2335
6990
2969
8500
9702
1799
7572
6972
7773
983
8410
8937
48
108
6985
8148
3872
7686
4937
6713
7517
3486
922
9943
7789
9350
5351
7824
1827
2940
7966
353
5160
363
1463
1277
5418
447
3663
1179
1958
5383
5671
7583
9181
7696
7733
8223
8288
3163
2455
1812
1621
2552
8115
3724
4081
6425
2082
1450
2153
2744
4619
412
5836
7390
3687
5384
4788
4308
6010
3664
5022
4829
5193
2554
3842
4320
9733
4705
3714
7223
4712
7046
1784
3334
3166
4390
7491
5232
9015
8087
5989
8402
8466
3849
3841
458
8586
514
4612
227
689
6243
971
3335
4447
3354
3173
7881
2933
7516
2620
9522
5621
6671
1496
2185
7510
9043
4914
6540
2996
6251
2191
4820
2569
974
6054
9060
3997
3857
6068
7805
5643
7985
497
6613
3230
5504
3748
228
836
4085
9081
8864
3242
5711
4482
6661
6376
2362
7792
3622
3798
2738
9967
2189
3475
1840
4910
388
5416
1391
7271
5166
8152
7928
4786
1625
479
8117
4028
5322
4497
49
1578
2207
179
8757
6662
2355
7289
3121
9377
2911
3495
6059
321
2242
3008
5166
5076
7663
1865
8994
9896
5970
2946
1624
6597
3883
1804
9681
6507
2311
8294
8063
8063
6500
4239
8189
2070
6186
5574
2513
7560
3753
5854
3131
7274
7527
1801
4732
2127
645
9724
8959
9826
8973
6092
9078
7897
9518
2788
1212
3100
5731
849
3225
7719
7523
7892
1619
6488
5475
3753
5029
4456
58
7218
5284
6061
5054
753
2560
8207
4909
9722
4461
4100
4483
685
8577
4584
2419
5837
7668
3462
4878
1944
9568
889
9187
1023
3030
2113
8049
8023
517
5947
9399
2279
6536
4946
185
1508
9056
7485
737
8650
6486
7009
6226
3075
4341
533
5288
5865
1850
4434
3427
8793
3
9495
7838
7482
4562
7279
4033
1949
8678
6416
5489
4663
7081
6935
8616
5942
9641
7236
7695
8598
4188
3672
9983
4470
8230
836
7006
6217
921
3689
4913
8241
9076
8927
6782
7262
8295
7607
1945
7532
8519
655
2621
1224
5885
1295
8302
4823
6587
8568
8727
1594
1226
6284
9740
5501
752
6943
4547
677
4893
1112
1023
1765
3995
3382
8100
9013
8472
9423
1479
6806
7630
7251
1635
831
7964
3854
9700
2843
1392
8958
2299
9397
5423
9531
4825
5878
9906
5213
9107
7412
8156
7631
6172
6151
2823
3326
7729
1673
2296
843
7104
529
180
9192
8335
6946
697
178
2457
3750
9087
5720
1293
747
9880
9824
1891
5140
2872
2432
1884
83
8261
6762
3070
9984
7481
1817
8345
3755
1812
2722
9974
825
3868
667
3223
4447
4896
4676
1794
7452
7911
7416
7507
9416
7988
1628
5173
8259
6866
1741
9677
289
5568
3208
790
298
1823
3338
5169
7845
5615
5806
2015
446
9413
3829
4277
3741
8370
876
2442
5499
6754
278
9080
3761
8599
9160
627
4469
2373
6941
5307
3529
5608
4094
2545
6817
1722
1037
3578
58
7413
3853
3313
6295
5248
4339
5515
4478
1627
4188
8382
4566
1985
8511
4425
4218
4760
4332
6610
1326
390
2484
9474
9535
6753
830
2836
8970
8414
9566
7569
6683
5081
4264
8238
4804
837
2028
5489
4591
6002
8999
9893
8012
5251
2658
9025
6493
9003
791
3544
3406
876
782
2812
4599
2860
6657
6877
2909
7346
5717
7582
7439
5674
9668
6209
2167
2959
6228
2419
4910
846
9434
6914
8863
8157
9373
1303
8426
2621
8242
976
6329
4210
9736
1112
352
6010
2729
6981
2591
1644
3905
304
6739
5591
2014
2535
4468
63
3129
1775
2696
703
4941
1454
9869
5205
7644
1293
584
5022
9552
69
9586
1531
552
7195
5281
4116
5123
3799
9228
8994
6474
9678
9878
8553
395
1977
3941
5817
2606
1958
3907
7805
5018
4722
1029
9694
6864
1507
360
8201
6821
6037
350
1212
1387
7382
2180
6512
6180
7356
6688
3288
8206
9677
3955
393
3813
7301
3826
9261
6612
1190
1964
6652
6671
636
401
8802
6424
8905
6822
6603
8587
615
1022
3411
7699
502
7976
5930
8310
2640
9576
1712
5195
806
8495
7807
5891
2760
9370
8239
220
4208
2985
8281
1765
9488
7332
3964
4337
8199
103
2339
7745
2645
3918
3701
7888
4577
8201
2064
4686
340
3504
1230
3993
6837
6920
5146
7062
2201
1607
1115
2540
5065
8823
4430
4413
4693
9163
4254
6085
3717
8824
5086
5119
5592
290
2579
468
5374
772
1901
5525
527
5219
2897
2950
1397
2470
1091
9245
5184
4420
9293
9213
9616
1226
4432
3210
968
2445
5011
7312
5440
2617
4222
2534
411
1549
7525
9019
1435
2440
9484
5544
351
2572
9245
616
6724
3455
2061
3406
3130
4491
101
2780
1248
4059
4708
8368
3139
1456
5901
8557
1834
4685
3374
6056
3626
6441
8111
6786
9922
3516
6050
2513
2761
4941
7509
249
8857
8679
3429
9849
1542
4082
1850
3818
8990
3878
5343
4857
7710
3597
4000
8138
9827
8610
727
1907
8611
2097
6517
1854
935
1417
7439
9132
1267
8467
3208
3788
1766
5975
9070
8952
8623
2232
2156
4532
4230
830
1984
901
9086
6385
6784
2315
6398
2007
4350
7139
1548
7923
224
4128
461
9201
1379
8090
5289
9255
2565
7323
7387
456
6446
9671
5882
2458
1162
1207
6598
6879
6490
7389
3294
8359
5639
8083
7071
2766
7151
5023
3808
8785
8464
3743
9150
2902
6747
8771
8466
2282
6483
6219
6377
9149
1559
3994
7539
2358
4401
8935
722
3578
189
9489
4384
519
6857
7111
1923
2090
8551
7593
5575
5685
1314
4548
8289
2567
3057
4281
4227
7422
9052
9395
3019
9158
7909
3539
3671
5495
7843
9110
3558
1861
8871
5707
2249
378
7703
6331
3157
3109
9017
9071
6286
4076
9548
751
2657
4231
2338
2813
9022
5669
9700
6444
2411
6842
708
5497
4194
4281
2800
5254
8667
3544
8505
7902
7040
9299
2472
1356
631
3828
2572
6173
1561
4982
4232
9315
4117
389
8970
9790
7142
2455
3706
7001
8328
8276
9278
6601
5078
6992
2468
1149
1663
3550
3558
4123
2489
4693
7347
4881
5342
3665
6310
7283
6990
1853
9851
2103
9215
21
2390
6433
6617
4402
8245
9099
8995
9155
8321
7952
8633
3619
4937
9326
9791
8020
135
4747
8865
7790
3026
963
3147
5218
6457
1372
8139
6663
6345
350
6475
4234
5613
6750
5475
5765
6820
3643
6216
3412
6618
5641
3640
2354
9530
9879
2298
1199
6437
1802
5034
3327
5980
3055
3786
215
34
9067
1852
4559
5900
1030
8050
7994
5656
6023
1860
647
8300
9620
723
8116
151
8857
5016
7113
5400
21
5234
8630
9152
5144
3966
2070
4866
5772
8323
7909
3621
3150
3039
8279
4436
6758
1313
2811
7827
2697
9443
6890
5507
6213
7684
3847
2507
7033
8399
3361
7520
7196
7840
8552
1281
1923
6995
6648
795
8209
439
223
1209
7510
8420
6039
6586
3115
9601
6075
5117
1378
8761
992
7716
2753
371
1633
3226
3005
6456
7686
2165
2821
8064
823
113
9678
5555
4027
7482
5166
8639
9054
634
5400
9121
5253
8476
1581
5596
9636
731
406
6700
2804
932
9615
1377
2093
1890
9656
8354
3416
5111
6558
6168
2237
3552
9753
2180
9840
2720
9364
5600
7972
4124
7346
4067
9976
4274
8685
9042
2534
7600
4805
4738
3457
772
5034
4533
431
4369
2590
7769
9275
8621
2863
9557
2062
1109
920
9021
28
190
3304
8270
5067
9376
3679
1276
5938
6497
7233
8285
2253
9221
3054
4962
4560
7361
9977
9476
4764
2732
8677
7915
2052
8458
368
7809
383
4987
6647
843
880
154
7310
5571
4683
3016
9004
7459
1735
930
7743
6034
7496
9629
6848
9637
4482
8008
1122
3319
1470
7748
8558
5215
9087
9650
3497
4132
9643
2257
9933
8696
8795
6200
5505
8094
4318
8315
9993
698
3415
2100
8272
6740
2435
8429
7324
7965
2017
7349
8647
6487
3113
6185
1412
1152
6352
1128
1298
6164
4637
9521
3108
7236
4004
9784
4899
5735
5375
3114
3204
7223
3138
5196
6123
4604
7853
2935
279
5663
6133
2835
7718
1477
9022
8275
8816
7170
4124
857
7718
717
7870
3921
4021
4007
8490
9430
3405
2146
7313
2682
9603
6537
8489
4335
7099
9965
9358
5952
4347
8407
9529
9736
4962
2400
3198
6938
7924
6386
3262
674
9078
5534
9579
61
8585
9853
232
7327
955
6391
8052
1803
927
5861
1744
8753
4662
7040
953
1261
8913
7992
2345
233
6627
6409
1712
8842
9022
5421
3464
7029
3235
9831
1043
438
4055
3938
9181
2400
3671
4278
4037
6235
747
8451
4616
9167
4826
6657
1253
806
1729
1385
8924
1753
6420
6584
2305
7439
7167
3004
9514
1626
5575
7425
8500
5354
5933
1195
4189
3853
8556
9851
8194
3349
1331
5170
7982
5946
4401
4740
3382
8411
690
5485
5704
5761
4226
9555
4390
2608
2314
3070
9875
2307
5392
7504
7
8184
4602
9188
8513
992
8843
4043
1082
1972
4563
8660
2882
4948
106
3235
3118
4297
1054
4842
7761
7392
167
9188
5329
3669
559
1140
8204
4582
7913
3179
9052
9296
6510
4082
8803
193
3555
3784
1077
9081
9835
147
4123
2078
6061
2852
2861
5242
8852
5455
5342
2978
8071
68
2748
3544
4556
3576
9364
2482
6706
9158
6347
3076
4222
2932
3423
1366
8077
8377
578
8661
3553
4990
4180
37
1527
3641
8844
5001
9375
5492
8064
3596
1712
6978
2967
6455
7969
8243
2945
9550
183
7237
1242
6502
1461
5873
146
9374
6596
6185
6315
5712
4127
8781
266
2426
2062
4098
1189
1767
8473
3861
1811
9590
7782
6050
5533
1569
8285
8807
9434
817
5177
3987
9768
6907
1071
7940
884
3514
3315
2134
1966
3261
7334
4090
3162
8413
3615
3359
1583
3742
5798
9308
2215
4542
2040
1242
7672
1130
7689
2231
4841
7779
7709
5995
528
6004
2508
4581
2327
8946
3215
4708
2788
5912
6320
426
4032
3932
4534
6151
6552
5274
5697
5966
1095
4616
91
6356
5406
8147
1627
9799
686
4666
7176
2416
9725
1443
9362
4322
1004
3272
1248
7908
2123
3936
3674
9590
5543
9209
3724
6417
271
7917
9345
8154
5021
3820
5124
1223
1259
554
321
6544
9737
4478
9437
797
2882
3943
7371
2317
3052
2276
266
2723
1521
764
4725
8163
3280
3226
8247
8710
1602
4796
5163
6344
3924
5278
3102
7780
4308
702
8131
9801
613
1752
2885
4347
6868
890
3219
2844
1690
2568
4091
3072
8962
8407
3331
3635
7323
8191
1196
6339
5780
3654
2327
1249
2490
673
6720
8490
1145
6583
4277
1969
2863
3875
1860
780
8814
2930
7273
574
8425
1450
8389
8286
2508
9813
3719
1868
3418
1423
6465
2122
427
6025
4821
7168
3578
2887
6254
4028
4919
1828
8360
4573
4163
8405
101
477
7217
4269
1795
2211
3431
6024
2032
4
5080
4201
2898
393
1250
9903
8655
7936
2072
5411
3008
8245
8020
7096
2210
3317
7378
9836
1392
4962
6411
2573
6153
8793
3150
7104
6552
1693
1339
2336
2201
4134
44
9605
3724
6965
169
7201
3022
8595
3328
2956
4121
6553
1178
6496
1914
5608
6066
1312
5421
1498
2638
5290
8863
5384
3649
4916
268
6051
2105
6034
4257
7429
4913
8226
6816
9699
4631
4409
7812
4022
5796
90
3636
2693
2511
688
450
3649
619
1502
5539
9256
1863
3130
7499
5225
7404
5043
810
9863
9760
9115
3818
7555
6007
3076
8265
3275
7157
1286
5863
4312
3167
6672
8593
5780
4380
4788
5271
3611
8426
3292
7593
4563
652
9988
5872
3078
6590
2907
6938
7235
6375
149
3033
2834
9026
4985
9004
7579
1156
965
2540
7
5020
1877
658
6354
3219
6862
161
8722
8229
4039
7900
9832
7396
5966
6391
7414
4018
7269
8989
183
4988
2467
6238
4238
2287
8469
7383
8662
1731
1244
4599
7822
3294
8581
2283
2113
9056
2012
7528
9285
9392
2105
1807
2027
2804
5766
3247
3248
5753
50
8707
316
5868
787
2618
3233
4427
5736
4417
6154
3072
9382
3284
8663
7967
773
8965
250
7517
1725
9707
5860
231
1240
7068
745
5594
7064
4029
2244
1049
6754
7982
929
327
9784
7361
3050
455
6379
6684
6915
1201
913
716
1836
4334
1729
9361
5007
2143
7097
7206
6678
5237
7362
949
9478
8656
543
5213
6116
1415
4187
614
3445
7704
2920
6400
6176
4613
536
9753
6291
1248
544
8447
6433
5220
4038
1375
4898
2473
992
7716
650
4755
5846
4873
9149
42
4480
1395
7843
3681
2103
5776
2590
6168
9558
4139
4294
3986
6587
1043
68
8916
8129
1514
8271
1325
54
3179
1219
5235
7698
8332
4661
1108
4412
2597
6284
9658
5354
2553
306
234
780
8920
1388
220
7909
1601
96
7169
9051
3303
4639
9019
4889
2367
7698
6338
9887
9560
5285
1620
1374
5878
3409
1506
1820
1414
2164
4673
1853
3427
4257
8181
7115
9141
6059
1970
6039
7591
2219
9273
1247
9278
6619
6619
5416
333
2615
6549
7840
2672
576
1414
4934
5370
577
9591
9625
6629
8933
3141
474
8630
2576
4958
6045
5313
192
834
4690
5291
6445
1833
8482
8445
4642
344
1721
5238
2696
6180
2256
7577
3185
399
9885
706
4976
505
2727
1521
3390
7453
2773
5292
1954
6777
4903
795
9154
8743
4978
9722
3767
7442
7817
2509
7853
1682
5057
4311
1089
3447
1204
1578
1080
8943
3414
9718
1524
8901
4905
3044
3468
7336
2338
5782
8637
7830
643
7860
3666
3790
2592
9938
2515
14
9338
6752
207
6652
2605
918
2114
9008
5334
139
5190
6309
6890
5675
8849
4200
7649
1895
7889
2046
637
2685
4393
4353
3174
8919
4968
4523
298
3914
2329
1724
310
7268
5713
5679
2015
8079
1715
2153
6447
8857
8599
310
2632
6410
7217
4055
1400
780
6160
6333
1123
4970
2704
4210
7603
1410
484
9556
8700
249
8249
4567
6528
9067
3486
5075
8033
4123
7099
2051
7056
1015
7999
2087
122
6272
1106
3000
4987
8078
7023
3605
4066
1684
6454
1278
6089
3463
2290
7964
3249
6752
7934
4020
5080
7057
9014
7138
3401
9774
5496
1286
5422
773
5360
8022
3961
1652
1321
5363
3807
5112
4779
8756
4808
1
4074
6804
1293
2952
5998
3731
1697
3934
3660
7969
4602
9272
6003
7991
1024
2864
5562
8785
7774
6501
2617
3072
3262
1566
8135
3443
2136
1762
8100
1173
9789
9459
8282
6521
8215
5152
2070
3014
9101
5462
473
7100
7431
2221
8612
5455
2390
337
9638
1650
2373
9196
5725
7974
8292
3418
9886
7002
6869
1269
870
9914
3670
834
1145
3378
5088
7116
3814
725
1513
9627
3796
2431
3638
5954
326
4442
8044
5293
5404
1105
4426
5182
3203
3310
6711
5404
6022
4689
5279
2579
1109
5294
7347
8378
814
6951
4378
9248
6708
8251
975
9186
7060
8598
482
6990
8106
3303
7564
9703
6427
3495
2821
7569
6023
7079
242
6317
7370
4830
5911
871
7503
1301
6061
9999
9729
3561
180
6320
528
7718
2035
3161
3246
2583
6575
987
2504
635
5203
1693
8724
1108
5037
6824
9867
6327
7794
322
9040
4385
9648
7979
3282
8579
5095
5074
7505
8170
9934
1432
4183
3702
6874
1873
5881
3242
1792
4305
6891
6681
5530
4959
3197
8388
3583
8997
662
2229
2935
2459
2197
9493
5999
8839
846
7024
7989
2450
6177
5313
4486
4428
5056
2652
7962
2419
4636
3357
6530
3899
4555
8949
2483
8655
8326
8711
3214
2378
1672
4453
5170
7112
6580
644
3316
1682
7359
8351
387
8914
926
5922
6145
2956
3658
9530
6403
8182
4286
5271
2566
2862
16
6772
3233
7788
1548
3589
5727
5087
5480
3634
3051
6483
2975
6196
3680
8
2525
4637
9780
7085
9969
7246
3299
2117
5429
753
6073
1478
5567
9973
2668
5777
966
8969
3299
861
6489
4989
1796
8772
7639
7558
1834
9001
8280
7218
1180
4433
2514
6663
5788
1176
5652
9070
1618
171
9050
9165
5951
4462
6599
2737
5423
6396
34
7867
4332
8565
3775
6162
2608
5827
4961
9532
9242
3691
449
3922
3633
6060
2067
2629
2511
5378
6209
4496
5920
1961
6603
1362
7931
9206
4279
4959
719
737
765
2210
9932
1082
2233
9115
8747
4515
2581
5250
2497
7466
1069
8901
221
1638
9061
7408
2257
552
8526
2101
125
9262
8454
8793
8221
2387
9396
4631
8310
9476
1343
8575
9421
7154
8469
3851
456
1240
4474
2681
5033
8286
3471
524
5682
8296
6149
8319
7242
3769
6678
2408
5977
8306
5912
9559
3272
5463
6514
8303
2338
7408
60
3496
1569
5107
3758
126
9567
4717
152
3057
645
1175
1156
5351
702
1194
5621
6028
3986
5959
3959
3528
6220
4681
1649
9065
3341
1184
6486
6282
7834
2205
693
285
5852
7888
6928
8430
7907
7929
661
5286
2198
4092
7994
9030
997
3198
8360
510
858
8112
5756
2775
3433
8697
7886
8987
134
2435
3650
3534
5686
834
7679
7302
8401
7571
5949
2949
724
8824
700
6191
2301
4333
2344
2947
4462
2129
3681
8718
4893
4397
2993
3290
1704
4471
8080
6385
8267
6591
1221
7361
2094
9201
2064
266
9175
2881
2291
9264
5367
746
4126
5769
9985
9284
1837
9530
4457
7542
3172
3704
8797
8382
7155
9009
5511
534
846
9825
4323
9747
45
813
7835
4757
1436
9902
5207
9054
9642
9641
2909
5939
8358
6544
9003
4773
8111
7639
1873
3818
747
8020
8322
1668
5373
662
7197
2549
9118
9042
3966
7476
4619
3466
8762
6730
5057
9023
5432
5885
7187
1757
7817
5216
5719
7370
9242
5857
9696
556
8026
2928
7413
8790
1274
2094
1718
5798
461
4917
318
7910
8929
1626
9366
8776
5830
4394
1176
4290
3792
6521
7062
7497
5440
1739
6710
8330
8618
8325
2046
364
7168
856
6666
8399
9626
3554
8174
8993
8023
4291
6490
3729
1595
4845
6980
6742
3863
3079
9657
9054
606
7365
8582
8114
9405
8457
5589
9753
1788
7255
2919
4232
8399
7529
9915
7968
4978
7822
9292
4453
5084
1397
1695
3838
8436
5882
6339
7816
6020
37
6263
5137
4948
8006
8624
7829
516
3028
6046
9314
4442
2468
1934
5328
8290
8201
7890
3623
288
5969
6543
6325
5389
4283
7989
9783
4344
3605
5417
3847
2198
8216
8342
2575
4454
8540
9607
7782
2940
9457
589
6421
2965
1183
6076
7965
4917
2608
9676
6242
1380
7160
4252
6777
1943
5551
8329
7659
1449
4716
9007
5731
703
3475
6482
9224
6684
1789
4030
1188
6778
3538
1242
6759
1479
8998
6790
885
2724
7869
4699
6296
8538
7932
2333
8328
6484
566
3987
6434
3367
483
6134
3135
1987
9057
3982
4528
7659
9250
8701
722
2538
571
9460
9309
306
747
9767
8849
7139
5153
517
7624
9726
5563
9260
4375
8179
5139
3512
6282
4818
2314
817
3443
2635
8190
9344
5969
132
1840
4820
2117
2981
625
973
5098
2853
9969
5539
9384
3910
6597
8008
4642
642
5819
5043
9842
7694
6303
425
1830
6408
8317
9399
8035
6306
8967
7612
8755
3235
9854
3450
2709
6613
5251
6655
1765
5725
2753
8127
6911
4514
3251
4515
938
9085
7955
4771
7608
899
1267
5994
2500
2458
9419
9338
6371
877
129
1859
7652
735
2943
7396
637
2723
9788
1645
1922
5032
8386
5080
2977
2230
6854
6925
2148
5652
3633
8872
9767
6765
7390
7140
4315
4719
9959
7955
5589
3213
5759
8530
9491
1705
8196
7488
7447
9278
6586
9620
6043
7015
9549
2101
977
7673
8472
1688
9796
248
7889
3913
446
2788
5535
5117
1487
9702
9834
9149
6714
3372
2016
4826
2718
9992
6150
7458
9444
977
8184
7061
9927
7747
9379
6220
207
1343
2630
7331
6691
676
9858
9155
1691
9621
4671
2652
217
792
1993
7723
4845
5453
8606
5338
6302
3876
6829
2758
2205
8132
1957
7805
7639
1198
9603
79
5660
3296
3246
2287
1970
1868
7790
3673
2852
2235
4779
8590
3699
6078
7487
8504
6826
2589
5356
5058
4029
7282
1199
6474
9258
4645
3375
8116
9500
7029
1740
9542
6262
5653
1049
8881
8369
7137
384
9785
8612
4667
5613
9994
9394
8743
4225
5218
9445
6139
6345
5470
1268
3030
3729
9853
9339
2350
7434
6973
5710
5574
3508
8208
897
6893
6194
3018
3793
8767
6854
4625
1760
6624
1373
4819
8031
5378
4640
7005
7140
1463
4076
6128
8022
1337
7540
4732
6587
1196
3775
9285
1241
9636
5003
4066
7463
5858
4969
8539
2923
1205
4517
8660
8113
5592
8709
4561
2139
1992
5909
384
5755
429
5455
9502
1872
6209
4081
6688
8949
7099
5890
2538
8769
8183
5844
5099
2010
3429
54
6162
7235
4239
30
9275
8256
8959
4546
603
4805
9393
4190
8826
6000
5636
1646
2926
8816
2270
3750
5286
7991
9516
910
4406
3858
2967
5339
7280
1979
3684
468
8431
3667
3013
6449
5544
2342
6434
8862
3083
427
9293
3998
2114
8598
5109
3714
5637
9507
6380
5965
8998
4084
9945
8859
7563
3371
4149
1045
9242
1742
6943
7452
2296
4317
8479
6265
8876
6467
6044
7895
7215
7301
5735
2580
1522
8818
1155
6255
44
2018
4899
9541
660
6854
6381
6757
8000
9860
9352
8005
3984
5006
7652
8115
791
7242
9545
4311
7656
6348
8616
6758
9908
2130
7270
3405
6875
8578
9836
2404
7408
8947
2718
3298
1073
4950
6895
243
1398
3568
4498
347
3371
1765
4129
7816
7300
3873
9393
4501
9384
6977
9457
9815
465
2563
1574
5771
7347
2703
5735
8662
9043
5189
5683
9415
9298
227
4225
9246
1875
7635
8887
1218
4749
1254
8366
699
1671
7938
369
3058
8005
9666
9392
7725
2010
4778
2411
8051
4826
5612
2839
6093
5157
6215
1634
1829
7773
8162
9825
7065
1787
1624
5181
6325
2871
9252
7621
8564
1941
7510
1695
3695
5794
6478
6758
7700
2425
2904
9673
6238
5083
4165
1535
7601
6376
9826
2292
7016
4032
6931
1499
6832
4928
4469
8118
1945
2485
4886
6915
4868
1958
7329
3206
994
4893
1253
5970
8411
6416
3350
5063
1197
8752
9460
419
1539
6506
4845
6180
6849
7504
7164
6390
9070
6167
6839
7465
160
4343
3439
4721
5350
7731
3809
2717
4806
9450
9924
1647
9145
7603
6856
6298
6825
737
3026
7514
1499
9076
9904
3718
4295
9222
8882
4513
9492
2170
2578
3368
1211
2297
6475
8080
8036
524
6484
4370
9195
653
2500
843
3177
4103
74
485
9681
8157
2242
8296
8947
4046
8194
4692
1224
4712
7931
3674
5059
3656
7469
6971
8545
9992
5847
7879
5934
7495
1831
4896
9933
4934
7645
7364
4490
7969
6141
5564
3347
768
4943
7218
656
6623
6506
9868
4923
3000
2883
7457
4154
7214
3446
695
8629
7617
5959
8003
2583
4433
2437
6795
9845
9277
8718
9978
2428
9186
8235
4200
1647
1659
4997
9713
5033
246
1027
4089
7770
9914
7539
7440
9077
4931
6843
5048
3970
5005
6102
2231
8496
5695
6643
9485
3978
3794
8651
7443
3481
5626
628
6850
1487
2434
2013
7927
4818
7528
9514
5904
3242
2746
7733
8384
2209
4535
2121
2312
1496
1629
5793
6238
5737
4306
6273
927
5198
3174
3353
6110
5708
3146
2778
5244
1891
8028
3766
2334
2720
9858
6973
1774
2038
6346
3297
4657
1831
5143
8563
3785
1576
1480
1793
170
9855
4799
5356
5023
4179
3732
5247
9336
6177
7570
5334
6843
4798
5605
7153
813
8591
2938
6550
289
3060
601
6269
9925
9990
1602
5741
2451
5143
9644
727
8922
2449
4413
7062
7906
7902
8531
1832
5071
1275
6428
1751
4425
2659
338
7235
5546
5929
7905
8848
9798
4037
9228
4115
7698
9199
2498
4571
4426
119
5017
3787
1813
1209
256
473
8588
6038
7721
1757
3068
8795
6497
5359
5713
2415
4699
8035
4682
9148
6608
2285
6284
601
7597
364
8013
9370
4397
4190
9277
604
9556
57
5859
1058
3871
6316
1768
9458
7025
9057
552
2778
1765
2455
2090
7553
6881
873
2371
1158
120
4069
484
7370
6902
9744
4991
5295
1076
7609
1269
2994
4656
3090
6073
4443
887
5161
1206
2948
2447
5740
3755
3270
2314
8778
3673
2082
4546
4042
4641
9175
3937
4444
1883
9989
7125
344
1600
8010
1622
9366
4527
780
72
6751
6337
1720
8760
2848
919
5652
8323
6714
3058
4718
9096
6791
512
7858
7211
2419
3226
7753
1960
2423
7035
3807
2824
2018
3976
5524
6143
9833
4468
1109
8190
7009
1270
5875
3543
6125
6431
71
1059
3335
1283
2288
6995
5609
5282
8809
7738
8228
6971
166
2538
4018
1682
7874
4710
6126
1964
7135
1524
9018
8795
4586
5236
7165
914
1584
4678
4410
3959
6200
3793
2888
3301
4147
386
4712
409
7723
5043
4945
491
5834
7991
2120
4598
251
8331
2744
2791
90
4980
4968
1969
416
4660
2118
3099
5259
2563
8275
7066
7895
9844
6910
3064
4367
8182
6024
1135
6258
8189
2162
7652
6821
344
2988
8344
7157
7353
5735
1278
9297
1861
2635
6050
5271
8960
2382
9504
7970
1939
1772
1674
6768
1898
1139
4153
1482
5735
7146
4189
764
2296
2106
7112
5382
2890
8569
562
152
3063
3755
3695
7178
8609
8672
2755
147
2917
9043
4397
9262
4936
884
3045
4317
1438
173
9554
8362
56
544
817
2364
3990
7355
40
7815
9021
6795
6062
5786
8671
3976
9984
1500
9211
8470
5933
2080
3052
3722
6746
9450
8313
9535
7284
5204
7212
2795
7414
2316
739
5346
7617
8891
2580
236
773
7212
1228
2349
6512
5648
8347
5357
2565
8811
9319
153
5209
1387
3267
5663
8381
5625
9997
7303
2616
2058
8153
5058
9128
7859
5399
6656
4845
4113
1789
2427
8724
5305
2233
2383
8288
7874
3519
746
5343
1649
2084
9150
5302
1913
8467
8201
7937
7111
5389
732
512
9047
143
4604
6765
2425
4776
8760
4615
2160
4033
1200
7963
9915
3337
2749
6107
9140
3935
7614
2893
7397
5782
6150
9888
5283
4943
2926
9331
3539
4045
1265
8608
5106
388
5251
1062
4411
5747
1824
1233
9950
460
4478
8502
4861
4510
4198
6242
453
2744
908
8841
6402
8707
3660
3144
7305
4083
6082
8100
3694
497
7632
6625
8773
8177
4244
7454
6270
8120
7501
7522
6730
4024
7973
3383
9626
787
7689
1652
5540
3216
3160
505
8714
9443
6977
5848
7110
9111
9617
9519
2582
6587
8790
1348
5351
4263
6467
5387
6557
8033
4046
4702
2470
7180
626
5898
2372
5294
4622
9045
2546
4120
2986
4837
6085
2483
9211
3105
1883
4767
5668
3327
769
6726
7577
6345
3951
1790
1956
5363
867
7733
5272
386
7220
9051
7894
1657
2624
4527
4
2826
5077
7942
4783
2728
6736
6833
7983
9741
428
1712
8145
9818
8134
3625
5600
4877
4115
682
2871
5867
5533
8666
8360
777
6950
7681
5475
7398
4562
5003
1565
3050
404
3704
9989
7122
6063
7920
6560
4182
9218
8581
4014
8696
5610
5233
6273
8806
119
1956
119
1917
902
5067
2522
9788
1280
7306
4740
4016
4568
515
2458
6893
8162
3411
5871
9856
2334
7016
4230
3841
1540
6017
9392
8691
197
4630
8082
4458
9943
2552
4246
6486
2966
7251
4213
4820
8646
2369
4234
9746
4398
4311
468
7010
2087
5640
7578
1849
2854
6083
6281
5075
6305
2611
6923
3244
5324
1456
9612
4325
8320
8105
9674
6154
3919
6060
6359
3849
8142
6730
8405
6303
8115
5414
252
6212
7764
396
830
3057
8268
1535
9413
2345
5926
1479
791
2369
2080
6719
1370
3267
9165
2678
6132
9862
8900
9021
8732
100
9290
9047
8418
9482
704
4573
3051
4432
5900
1802
9699
9520
2473
352
5886
5935
9880
3613
488
4765
9948
3063
1435
7003
7647
1829
9844
4614
7471
2291
1340
7704
3055
9459
7608
8820
604
2687
2793
3402
5079
6004
8033
4974
7007
5055
7950
6015
4551
1025
8232
791
6300
6967
3359
6250
9336
2910
3226
1959
4600
9651
9757
393
8671
3270
8414
3119
5269
6929
1769
8281
2698
8768
4115
2472
8751
9871
3061
1059
6085
2342
5406
6718
9197
8234
916
1642
371
5889
935
7233
5210
2671
6809
3781
4872
37
7946
2840
5819
6393
5379
408
6166
4620
1781
7918
8770
9472
4413
4332
8323
8573
7350
8900
4601
4678
198
2234
9895
4351
6565
9231
9750
4070
1466
1413
3447
4272
6618
2388
527
2478
5709
2376
6352
4553
4536
9470
71
8865
8075
8942
5150
3282
8756
8869
703
3897
9149
4732
7011
6084
5106
6773
9085
3474
5103
3723
100
2069
307
7223
2482
3732
7627
3752
8326
5817
2209
8339
2884
9082
578
5619
6523
6993
3148
6880
3068
693
4005
1938
8065
2288
9262
4561
7877
2646
8178
7177
2484
8971
6170
1084
4930
1013
3907
3474
8513
9632
4181
6093
7041
7507
8262
6900
5092
4827
7034
4337
6965
4702
3790
3628
9421
6976
5205
9715
5525
4112
1850
3895
8679
2832
1220
8943
5370
2946
8368
8621
4643
4480
6326
6472
112
8869
414
7504
5720
7948
1602
1217
4519
5195
5456
287
1814
569
7903
7693
2204
917
6864
3215
255
6974
8243
7891
430
3895
114
797
3485
3097
6361
2629
1160
3396
4093
4983
7186
6300
3631
3196
8396
3489
7615
7572
8006
8543
1673
6847
6145
7065
4711
4657
4820
3005
9597
5785
5698
2536
6878
8731
1156
2581
5726
4729
9817
6566
1889
4490
4098
2160
1070
4894
7900
2569
2070
9431
4818
9436
9760
1670
1020
7482
9135
1448
655
8355
785
111
4593
4030
5992
2643
7820
9018
1374
1466
9458
2607
2172
6790
5774
6777
8168
6185
2679
5773
1230
9504
183
4136
1335
790
4702
1874
6886
13
4385
6603
494
2671
7675
722
1556
2391
5355
7351
2959
1210
3409
820
5062
2985
7959
3350
7308
1247
3154
3263
4301
9985
6321
5859
7603
4439
7699
2821
8677
7094
2443
9801
6098
8221
343
913
3307
4869
7061
9991
2896
4822
6386
1520
253
3785
1559
2891
4766
2673
2832
4713
5563
9757
229
8651
388
4315
9663
4853
715
5002
3656
8740
2573
4653
9730
3366
8842
6045
3202
2366
451
2709
580
5280
1902
5972
7086
37
6585
891
3102
1449
4787
2115
4677
3615
5924
6431
1462
5449
7114
5933
6559
5275
5021
2502
6103
1298
6098
1157
601
3317
8094
617
1252
2338
2687
2399
3762
2940
1420
3375
4654
7270
485
7562
8628
748
3592
3570
1406
1824
9360
2751
3513
3095
3160
5816
9740
1708
357
9187
4294
6789
3896
8636
6329
5007
4924
4760
4274
2972
6088
4968
7308
150
821
8
6870
963
6723
6429
4974
962
657
7815
2652
4710
968
9337
1949
7790
583
8280
9783
5833
7463
9374
1668
8240
3861
6788
8
6791
9678
2548
1903
3686
3115
1798
9716
9091
8449
1795
6422
6278
2903
4810
9135
2714
304
3791
568
510
7155
