780
252
942
13
757
914
239
497
994
692
641
673
937
929
238
48
822
468
471
994
665
187
650
205
337
547
140
965
163
262
869
684
208
405
553
626
457
686
422
268
384
201
248
246
32
572
726
156
802
260
596
805
207
870
603
409
593
168
408
450
705
292
320
430
630
785
980
439
806
880
520
730
223
529
531
67
606
900
690
640
921
461
114
106
920
701
8
326
918
574
787
592
391
33
763
706
36
59
791
608
413
966
86
219
67
205
11
889
690
109
308
356
219
869
679
279
972
747
807
219
936
106
14
52
433
423
941
152
775
283
210
562
214
624
480
904
358
901
83
182
356
238
760
54
642
439
365
153
579
980
296
230
447
872
821
21
976
505
340
227
453
739
807
800
80
801
31
32
500
58
745
775
163
791
260
313
728
855
384
522
414
997
182
279
816
497
658
376
497
300
408
792
669
817
414
734
940
774
5
297
985
780
664
466
819
666
279
363
66
224
873
520
436
383
742
260
644
733
359
856
946
375
769
43
394
917
735
855
667
190
401
499
982
87
344
384
114
995
758
715
986
503
184
77
955
337
236
303
153
136
716
927
927
51
745
940
496
500
537
235
39
986
158
482
541
604
805
662
706
848
5
880
769
529
384
325
625
341
146
393
17
834
952
471
484
933
975
551
732
569
935
232
134
532
156
529
847
271
811
854
557
213
334
538
86
111
516
665
372
955
907
747
794
752
888
204
414
204
355
132
325
403
897
841
849
838
167
978
98
329
20
850
945
942
373
674
24
531
5
983
553
855
510
951
56
131
552
423
444
688
951
288
358
114
37
663
125
581
682
462
589
611
972
603
745
735
229
243
244
676
119
939
138
21
96
697
967
196
917
132
496
977
243
105
310
964
849
209
294
121
128
460
969
613
46
264
294
648
98
40
380
624
352
985
828
970
101
173
320
279
988
679
943
157
839
672
839
844
39
780
333
649
326
480
634
742
892
566
735
106
465
787
545
972
827
766
253
241
999
638
887
727
454
554
150
36
677
177
446
805
497
555
409
503
177
636
179
592
412
795
229
55
14
199
228
820
80
822
951
512
365
835
897
894
77
963
557
355
85
212
722
841
575
772
9
869
485
865
310
643
633
897
843
607
400
578
802
420
933
324
572
724
747
414
658
319
563
671
256
77
512
500
254
770
964
970
665
457
950
779
925
775
200
784
407
848
139
150
661
871
274
653
523
624
492
775
218
813
391
977
631
518
321
40
910
800
835
621
752
180
6
193
821
969
558
254
163
159
164
216
796
550
504
505
46
770
734
794
395
546
8
805
703
387
116
217
61
515
493
756
7
731
262
282
576
727
53
816
778
97
61
618
444
597
640
621
71
29
916
566
424
226
487
47
503
498
427
268
537
467
558
109
855
960
672
741
965
41
712
831
732
41
366
115
63
477
119
467
402
304
1000
272
695
384
388
573
519
4
285
518
457
946
432
815
332
259
234
535
452
501
282
624
292
291
873
824
898
998
69
860
199
948
951
718
35
878
801
73
708
927
54
282
35
873
704
704
102
730
248
78
548
36
859
125
592
470
284
668
662
855
10
785
879
477
766
949
280
828
597
14
390
591
625
612
688
317
426
283
916
215
137
356
664
432
149
243
565
335
913
665
450
867
483
145
625
605
960
820
673
673
345
277
313
435
3
150
142
170
68
477
284
415
631
627
799
785
45
373
686
479
21
761
217
985
607
156
681
461
106
253
367
972
981
790
640
399
891
98
665
242
5
563
142
858
54
101
679
124
675
142
581
773
656
746
75
809
772
627
70
539
247
54
671
144
363
573
549
73
49
932
313
774
897
747
811
420
205
677
565
490
601
627
620
223
826
726
880
211
490
611
443
363
790
43
17
114
318
842
809
238
419
1
349
782
251
688
476
15
574
914
485
657
467
843
965
406
874
76
541
956
956
610
764
968
813
804
782
452
388
229
785
971
8
523
88
110
615
308
671
438
423
803
704
89
910
584
113
638
127
705
816
18
812
56
572
641
85
829
625
157
679
777
911
38
111
405
664
747
236
335
307
54
441
152
776
554
502
999
484
744
232
914
681
783
240
855
443
336
53
579
920
115
471
429
6
853
133
789
722
340
915
463
620
630
442
778
859
789
799
602
566
283
21
702
238
244
757
95
201
825
492
322
53
861
261
458
923
550
297
521
894
488
76
114
982
877
51
291
912
757
947
174
974
650
160
49
656
404
957
421
34
504
835
759
303
456
893
252
5
211
299
419
91
39
502
686
2
6
319
585
