299
1026
1380
1641
1820
982
638
717
1609
1552
1268
279
127
611
1297
123
761
1539
603
391
1566
220
234
546
200
915
1148
745
1213
1890
1196
1388
1658
1010
477
301
1420
1318
473
187
1518
1393
1704
1730
211
226
284
1035
1822
1892
1618
422
576
1806
1462
331
1092
877
77
160
310
1541
826
587
179
1961
1796
1194
14
918
754
11
837
1595
649
1728
124
1830
844
1426
1477
828
75
1461
1095
1469
1909
659
1859
799
148
1586
276
726
144
315
278
552
778
153
874
177
1516
517
187
241
112
1682
789
138
351
253
135
306
1901
16
1916
164
564
1210
256
343
1704
1989
24
1302
892
1273
328
1787
1741
408
1685
1250
822
562
888
1057
1060
761
365
1044
148
696
816
1310
932
707
1184
789
368
881
1145
1187
753
713
1019
1843
1825
1730
937
141
703
1811
1425
1667
713
1211
1744
99
728
35
303
33
203
1348
1432
8
132
1449
799
1990
403
1366
873
508
802
996
1014
999
948
189
1074
514
247
1208
216
352
658
1608
1704
209
1834
1997
850
631
1396
985
1786
436
1251
855
1169
543
1866
1736
941
423
1797
73
1518
1314
1611
1377
1266
1174
1206
1800
73
59
812
1859
999
1625
1387
988
532
1017
1111
774
1449
1978
893
554
1907
1027
1047
1600
644
853
217
1250
695
1879
541
400
1507
251
1614
653
484
1498
719
1393
1731
40
1927
1474
946
966
869
1
1350
1369
1883
1076
625
1892
710
1982
536
1685
1113
300
598
1512
1408
658
1571
713
319
32
1721
16
681
577
802
1329
1551
1491
1502
1082
233
1904
41
900
1830
668
1749
1013
644
1788
504
423
297
23
1896
1652
1923
286
862
986
52
389
645
340
482
622
613
1566
1582
136
283
867
266
1507
33
536
1183
1487
141
1806
1566
1854
1346
1317
85
328
1506
1779
1268
1972
1792
1378
1577
1734
604
462
1017
201
397
1075
1897
1958
1457
1372
749
823
1413
766
581
978
1463
647
185
1001
313
1463
1800
1787
93
24
1029
1167
1455
1910
1250
1447
1324
1678
483
1494
1236
1351
1432
1685
50
433
820
1522
1718
1280
1216
483
951
868
1055
107
73
31
1121
1004
821
1863
1609
1404
1818
1106
340
200
1466
1714
1032
1595
932
173
760
1235
473
1276
1509
1701
464
424
777
1494
1351
330
1433
14
1164
372
738
1982
921
1155
117
378
1754
726
1155
1640
1295
82
1349
872
1021
897
1543
218
970
145
1188
497
1430
1374
908
1231
1929
1799
469
1118
1215
1483
493
1545
740
1088
552
26
1471
303
584
372
51
15
326
1598
1617
1172
1334
182
1078
661
743
772
1049
1030
154
1019
1388
1942
1426
656
816
555
284
600
1851
1954
1089
686
738
1204
1781
1352
802
866
2000
611
470
1449
1261
561
1593
1582
75
105
648
1207
299
205
134
435
798
281
1904
1677
1398
1435
887
397
405
831
1035
1930
353
1401
1161
327
1930
1380
756
1555
132
1991
1048
1210
1709
1242
60
138
1489
1436
1503
1361
1247
146
1189
1988
1874
1126
1176
1373
580
183
1646
532
510
1688
1610
834
324
564
277
1616
1046
585
1879
754
1209
528
1
1049
409
1633
361
386
479
1264
512
236
1303
266
549
854
1861
1177
914
335
111
1372
678
173
67
1089
1356
414
299
1812
1571
184
1789
1862
733
420
345
1847
793
1808
958
793
437
144
1618
1768
945
1227
1997
471
1163
421
1044
1724
42
803
1241
669
604
1888
274
797
1569
846
1492
1950
1941
718
442
889
1411
1387
1097
717
618
1495
95
1694
1142
1327
173
326
568
1204
278
112
1478
472
1773
1734
1059
1216
1690
1060
1931
1695
865
1022
773
1733
577
546
1033
1463
975
523
1685
628
1202
1785
1770
1768
1669
210
213
1083
158
118
1047
882
726
553
340
251
1617
1082
53
87
1
799
277
947
656
1971
1411
725
916
1566
1950
1979
1512
1625
1593
1341
73
1729
224
1206
1657
966
1524
152
241
343
1962
1896
1540
1760
67
1484
605
1731
1761
427
1225
549
1058
816
906
164
1480
505
1554
1447
835
1205
1055
34
555
230
1462
1370
6
15
1947
1033
447
767
606
1463
561
27
407
1029
936
458
801
617
353
1246
1484
1479
341
853
330
880
1619
1355
895
131
931
261
1055
442
828
285
732
1388
1810
1954
167
178
33
892
1879
30
1597
1802
1350
1292
1801
349
1278
820
1628
1879
192
382
579
1457
401
93
385
1825
1592
914
1751
788
1287
168
1182
1193
1332
1645
354
468
1898
833
1252
53
1969
1836
601
1147
232
1061
393
26
978
269
407
1025
467
264
588
1329
296
1216
158
162
85
630
1604
133
1458
1487
1796
267
101
9
455
696
1763
1298
316
213
111
43
1455
1151
1494
1973
702
1536
345
1480
228
1334
1427
1992
756
1404
570
377
1244
1164
701
1108
482
558
1011
1231
330
539
521
1667
1061
139
1588
1572
1803
587
1755
129
688
557
1351
386
688
840
1929
985
908
1889
857
302
1565
991
595
1772
218
373
1398
1714
1103
1442
551
1086
1992
70
948
957
532
1051
553
560
85
251
1233
460
85
866
47
1162
75
53
1338
87
1826
1304
539
1378
1206
1755
16
595
935
645
442
997
470
1590
1495
131
1560
81
1316
733
391
390
1578
335
1207
1835
566
219
1949
1270
1624
1580
188
1581
595
1927
106
567
679
619
1996
633
1614
408
540
1112
40
355
518
400
192
728
1153
377
1486
1952
1633
774
1201
1219
1868
1052
455
288
583
202
36
1613
754
1840
1706
1207
330
1141
877
292
1550
270
1683
724
785
1231
846
744
1761
1972
575
788
1311
592
592
1687
979
308
837
596
866
1787
672
318
1028
1959
174
1673
809
477
1977
1702
1770
19
1132
604
108
1379
481
299
421
1925
221
1151
366
88
502
1672
1491
1607
78
1127
1727
1210
888
1993
763
352
523
1578
694
1865
125
960
673
1407
4
1977
1013
574
1898
342
1050
1923
777
843
1266
1755
1815
438
497
363
340
1776
1327
1891
928
1595
542
1820
1011
1337
1831
1261
493
669
964
1148
1327
1071
1559
198
1545
1837
1477
168
1385
430
929
1375
1160
1569
292
1686
7
185
1997
974
1686
311
525
1331
787
1816
1082
1840
1936
726
1371
689
808
1209
1730
1902
1964
1444
1801
415
1739
636
201
1555
604
1264
475
379
1457
1763
1777
1945
942
712
785
475
655
1772
1949
409
341
1548
1238
1103
1762
1513
1729
1642
944
650
340
29
1354
200
1043
299
283
420
581
1761
14
1861
378
1014
127
1599
1241
993
168
1639
1888
1534
1851
1663
206
1929
1133
1059
332
1560
290
180
560
1917
701
1659
767
1316
1109
858
506
1586
1743
153
1504
1759
362
732
1552
217
1338
123
1858
1988
1608
1119
449
159
607
1001
643
220
899
1371
1413
1023
840
98
1057
1905
426
633
801
859
152
1288
144
1988
826
767
829
1835
1782
678
616
805
1378
678
32
1234
1463
1307
600
1017
1980
1821
1980
1255
291
1440
1154
1196
224
1717
441
1983
1321
698
1769
541
1728
1725
445
779
1688
1189
492
114
1205
1118
1447
1386
61
130
1463
1376
1695
303
1889
1586
1256
1266
1384
653
1363
238
1922
1248
344
1703
278
1204
58
1757
790
982
1541
464
1483
895
149
1848
1686
1909
1785
498
33
1014
740
1768
1920
40
114
138
1565
1522
1962
1853
228
142
1505
1269
925
377
574
1941
1216
1875
1070
1093
315
525
1846
1513
254
1004
1341
1600
831
82
1929
1696
825
1476
15
1869
1412
840
1567
157
1401
496
345
327
278
1789
1096
336
810
1662
1963
1334
1719
1335
1140
1778
41
1557
1383
1662
450
1255
122
1497
1458
1484
1601
737
565
208
925
1145
1373
1612
1151
1634
1164
1151
1390
932
402
332
1045
1326
837
1024
3
1905
493
311
989
1254
217
281
1774
1893
1766
1695
1867
1068
1177
1925
612
1352
1935
1785
1589
642
1616
697
549
651
1604
1342
782
326
774
610
1140
1256
377
521
467
728
246
1450
31
670
778
1009
429
601
1199
545
146
1649
1965
782
7
246
1962
1115
73
765
466
441
52
41
1348
1866
1958
253
596
1163
30
1977
763
1169
1095
1580
1101
1264
228
589
809
1023
191
1704
144
1152
1310
937
1799
388
470
1269
1039
970
1391
1458
1240
452
1295
1632
386
1919
1767
197
1527
800
159
1318
79
1995
388
1092
19
1779
454
315
1640
613
950
365
1675
1637
1293
108
884
1296
387
1833
828
856
1214
1075
1822
331
680
945
583
1978
58
521
1432
1233
623
1614
1822
1759
1276
1067
1326
939
1673
16
947
1086
460
939
282
1050
1372
1215
138
1987
998
943
248
820
1635
957
1893
320
1695
1557
1457
638
1347
1056
959
556
1888
15
838
1357
1809
277
1901
164
88
508
1298
773
1252
370
632
780
26
1815
1635
1387
1491
874
1814
1151
153
500
1654
809
1101
840
1924
769
584
686
973
101
83
469
1309
505
573
1958
507
1195
67
1564
158
68
1295
1084
558
1087
139
1383
1839
1473
1612
1163
1254
1949
1264
802
142
1759
1971
191
601
1551
1120
485
953
291
1731
1676
703
1985
1030
1531
972
1963
1016
1897
853
1234
1220
1801
1
1192
1925
255
1423
1429
1662
640
1630
181
773
480
864
915
277
575
101
1308
40
107
1712
466
115
858
1195
529
1689
564
1464
228
644
1620
1828
97
1871
612
356
1725
1716
1448
38
1020
1545
1462
1230
165
1615
1215
1294
70
1194
924
892
1468
632
1303
730
1055
93
261
1873
1781
1222
1515
183
1181
1808
1300
1185
62
682
266
1844
1329
781
311
428
1365
331
1764
779
956
478
156
1213
377
685
111
1391
869
404
1032
308
1094
1976
947
647
1594
122
1885
169
428
1290
117
319
996
1189
1204
1228
1387
311
318
757
1688
1994
1115
1494
79
1835
882
1403
701
1449
578
1185
221
528
771
733
1533
48
1993
502
1139
971
1665
1124
707
269
788
601
206
1418
108
78
1144
479
749
897
9
308
1680
1196
949
125
692
1993
1283
220
33
27
1771
855
1736
359
1764
753
978
407
303
893
241
1117
1424
1729
1222
93
523
1757
847
142
787
398
242
353
1099
827
1138
679
885
1838
346
1116
1786
1490
900
1283
1637
498
491
474
1233
1075
1774
185
1283
1605
944
1854
546
1028
295
114
329
651
1412
784
564
180
1665
980
1337
498
1483
1510
595
1969
1811
202
370
34
587
1127
1029
1636
528
1968
835
1901
376
1294
194
1556
252
1786
1653
1073
1881
977
1969
1308
1422
1516
160
817
408
1956
1534
159
1309
764
555
808
1210
1953
1430
1636
1585
622
1070
439
1487
1489
702
1442
1459
1678
768
417
1751
