2245
2038
2734
2376
350
2098
2324
956
1879
1639
188
575
68
2994
1536
2094
2779
390
451
2510
1700
1772
2913
2012
2010
2304
1695
99
2048
2726
518
2406
55
1683
1305
587
2440
1929
2055
1258
2184
299
868
421
1960
74
2028
2105
2290
814
2123
1000
809
668
564
749
2579
680
877
368
1969
1877
2463
1943
2548
612
2714
2757
1462
2236
2614
1620
493
270
2734
1223
358
1901
1136
776
1111
2297
75
1855
1728
1955
1384
1043
649
178
607
2442
1576
2143
2311
914
2617
666
1596
420
159
1556
733
1937
947
1214
1948
1497
139
2093
1485
1430
513
1282
637
2991
1400
949
2811
1014
1257
1047
2350
2506
161
2703
393
2438
1876
675
2969
1535
828
742
1224
421
1180
2836
2111
556
477
778
244
1333
1092
1545
2672
2026
991
949
421
2340
2020
2660
2157
441
1633
2332
2203
1183
49
1277
146
2364
885
2069
1723
1455
2714
2990
1583
780
1982
1413
414
1313
2365
1946
2904
707
361
1470
1077
354
994
2474
2210
1704
498
1917
1407
2778
1658
90
2306
1924
1430
922
977
790
1522
443
1260
2250
1754
2289
2190
2383
1968
2733
1025
1009
414
2413
2469
1784
2945
2096
1507
1
2956
2566
1353
405
910
2978
2761
1124
1647
2464
847
2760
2171
340
859
2574
2189
950
1990
351
695
1157
1007
2675
470
1107
2298
1983
836
2098
1636
2935
2512
1784
2154
2832
2535
181
497
1616
1987
1353
2245
708
1998
530
1619
1197
793
2652
782
543
802
2692
1054
1562
832
1315
2788
2476
985
2024
2169
2396
2349
2262
1625
353
1348
2339
263
2048
2841
297
2642
2240
361
55
1904
1729
2273
2132
2798
604
1344
735
1133
481
1482
1856
1669
589
2720
922
2775
1208
1004
120
1451
1032
949
1637
344
1917
677
220
1051
2229
168
1524
753
2217
329
1555
2655
828
2758
696
2401
916
437
1977
2999
1920
2454
2787
250
1304
1326
1150
1129
894
598
2904
2706
2571
780
2915
2836
344
1445
1591
657
300
1673
253
1310
2591
1512
465
2222
2952
1870
1015
2019
2649
1190
442
653
884
2261
1770
2947
2573
2134
335
2700
1375
629
1076
2253
2060
2621
1040
818
1827
2470
583
479
1698
477
255
1690
2562
1344
1620
1914
2221
2160
1822
2146
1032
2192
1263
2889
2433
2730
492
2638
161
1006
638
1639
910
1093
1361
2371
1210
2229
2987
2709
236
627
2071
2693
1576
2662
206
705
450
1817
986
312
106
657
599
2235
1465
2649
2942
418
2445
1412
2327
86
383
2659
2726
1670
1772
2574
1873
2376
2117
765
1405
2596
1937
2546
2290
2902
2395
40
2329
2560
812
393
977
1694
1881
479
2847
2672
2653
848
1566
1759
586
880
594
610
2319
679
2527
122
760
2447
2051
1036
2407
1293
1717
2757
443
2186
1537
2648
1408
2661
1784
2810
266
102
2495
1004
666
1625
2763
1525
595
2974
2585
2538
1038
2011
2424
453
200
2861
107
2223
1387
375
1216
1657
800
1388
1385
1862
2132
2620
2700
2208
2571
415
707
1113
1965
632
1248
295
48
729
2606
1802
583
1850
2419
1704
2513
2605
1809
1597
2985
1770
2314
1210
1634
333
2945
1762
2631
837
1705
2667
1757
2385
79
835
2050
2229
2988
16
1297
1206
1232
1419
1640
836
458
289
2263
650
780
709
658
2449
2104
1736
1257
566
421
2155
743
259
2298
898
2492
1033
1633
1481
827
18
2902
2368
1262
1357
941
2058
1770
2480
1474
2380
318
2798
1805
1130
1995
498
2585
1302
2640
2852
2016
1091
1915
2997
902
689
2604
2621
1822
673
1270
1232
2491
2318
2325
1823
1604
1952
275
2358
449
1302
1480
538
726
38
2349
2820
2778
2603
1261
2549
2562
2661
255
2195
347
2556
1559
2182
2218
1895
1324
2231
135
2592
2917
1686
22
2151
1832
888
1063
319
2604
1429
1364
402
1971
1689
2977
1880
2495
1146
2511
331
2310
594
345
1964
761
2750
1336
1587
1281
881
2143
2
2487
2528
2570
1901
1262
2524
448
2255
2323
2151
1351
771
370
1460
2333
183
507
2971
2154
672
1730
1315
229
2918
1528
2041
2700
2169
1567
1018
1757
2229
1154
1900
499
2627
98
1494
828
2061
1473
1738
498
2461
1007
1769
1028
316
1508
493
2023
2963
2904
813
2715
694
1837
1863
2464
2918
1547
1560
1094
2875
2009
816
1789
1940
1679
2317
2493
1447
946
1885
2974
80
2833
863
11
2599
430
1434
702
1105
2460
2533
701
2337
1224
2670
1652
89
981
2927
1438
1910
1944
2263
1711
274
2260
2443
2317
362
2303
282
244
1367
2314
2742
83
2971
1472
901
2648
1692
1167
1698
1798
1290
374
2502
2439
2029
2870
1069
2520
2472
2281
2787
314
2324
2706
571
512
1875
352
2860
644
231
489
2498
2744
1280
1964
1278
2789
378
1057
2312
2969
2412
1379
2767
2204
2727
1414
2127
2676
2410
2247
440
1448
2156
1994
2944
393
1385
1332
2354
2521
2904
85
2493
2121
2501
98
2142
250
2970
2171
2719
1045
1141
518
178
1081
2342
1191
2429
863
1514
2385
2228
2782
403
2626
2844
1432
72
1584
1433
39
2370
1359
1257
2897
2540
2947
2159
561
2589
651
1066
2468
1018
777
1939
1237
1428
875
1373
1689
2342
1473
2306
716
389
2468
144
1850
473
2393
2752
246
1338
2730
1469
2468
238
2712
1463
2522
1698
1461
1620
2051
1930
542
2782
2814
147
936
1740
929
25
1843
57
1627
1232
802
2005
1497
48
843
2235
1731
2655
947
2772
2591
2626
2592
706
1547
1687
407
1915
2257
266
217
2742
2504
1335
2405
422
2330
2202
2565
1129
1060
211
981
708
945
2379
1296
518
2478
493
2673
591
1961
2428
2966
823
2276
1561
2392
2014
1367
2064
2994
2803
59
2364
2213
1305
1100
2596
2740
603
283
1556
1909
659
2767
1352
1543
1557
1077
2741
2715
654
2458
1933
1101
974
2548
2530
1863
350
2713
159
1575
1212
902
2130
488
2537
2308
1603
2136
1661
1221
2997
2152
774
2786
1598
2334
1260
165
230
1717
1912
2142
2474
1464
1614
1391
1288
1254
1380
1035
1240
1698
194
2049
2193
2289
2800
1595
328
834
2294
2797
2424
805
1017
2045
1189
2290
2691
94
1313
1453
1524
551
876
1737
2947
1696
2300
1889
1907
2641
985
223
542
2967
470
192
491
686
1609
1933
1647
2895
42
2771
1085
1134
2108
2069
1194
2317
1195
929
2127
772
608
1102
1931
832
1341
2496
383
1351
1299
1812
889
465
998
1216
2682
161
1148
2774
1225
2434
835
1483
276
1271
2958
53
257
44
732
862
131
182
302
2669
142
1478
1736
1506
1990
305
982
911
2854
2427
297
2294
2855
2278
2773
297
1262
1596
1966
923
236
2337
2036
2798
2296
2032
1271
1567
2953
2017
1385
2706
771
160
617
197
1420
981
2811
1740
566
400
1807
385
2293
762
1477
1448
347
1633
1910
2342
2028
563
747
2446
753
234
219
360
2137
1207
65
91
23
2864
1581
1697
1759
451
2605
13
923
804
1585
551
2953
455
1012
1440
435
2878
2164
1455
2745
2494
2664
2025
2961
534
1630
445
2270
2435
2236
2838
1434
2130
2129
845
2063
1901
140
2314
592
1704
1966
1476
41
1556
1570
1313
421
1014
2819
2211
1729
1922
1360
1961
368
74
2975
1931
2506
2346
1694
2208
1276
1044
2275
1160
2659
1631
993
1305
1383
1994
143
1231
1265
2987
492
128
2056
1684
1120
85
1451
1487
271
2980
2639
269
114
713
453
1892
49
233
1095
190
2043
5
2875
1531
1890
1901
77
2559
1768
2344
1820
89
607
49
810
1481
920
2071
980
2191
2830
2063
1869
1419
2973
1690
2153
1441
1933
2254
1379
2195
2466
1354
1650
1598
2857
442
2096
2144
878
2919
1427
712
2094
1700
2691
2879
1509
1877
2899
612
2959
949
862
2608
1706
2663
2526
2636
850
1206
813
973
740
2189
1945
2710
490
1317
691
812
2381
2201
1073
1230
1344
776
1567
1444
364
581
2330
1248
1064
2285
860
2195
1056
665
411
427
2599
595
2653
1518
2549
2846
1495
767
2284
2272
2863
1129
1645
65
1414
2117
761
243
710
23
1831
2232
2724
1402
2263
381
1045
1379
86
817
1590
1435
2107
956
1713
1809
2660
835
663
1878
2122
3000
680
2571
1447
2630
2253
1156
648
468
2982
424
2106
1065
2504
1422
769
878
2131
27
2933
159
341
1165
2164
1526
1638
2626
2434
2488
227
2887
1454
66
2691
1585
616
2379
2750
919
580
939
2035
68
1736
2709
665
444
2982
1231
601
1668
282
1242
1882
2944
1195
72
48
1910
329
285
1273
2105
3
57
2552
2271
2820
467
2978
1574
1424
1036
2822
335
1495
223
2249
1903
1163
2472
1192
1666
2908
67
1856
342
1220
1349
1114
2434
434
2707
1743
2642
454
300
1590
2999
887
1317
2757
1528
1521
1697
2419
2873
866
1849
1393
1227
1322
823
764
2269
2644
2640
1366
1324
553
1366
2636
2822
1279
2744
2591
1344
2462
899
1491
1233
2456
1014
2162
2970
2049
1808
792
713
750
2861
2453
717
441
1008
724
1675
2602
1791
970
1466
1697
2029
2474
1655
1742
1984
1338
1286
1407
1842
876
305
2324
2843
326
1863
1536
2142
2800
2090
2767
2687
1830
935
295
2056
2055
2386
2678
2485
2131
409
1977
2745
1846
2206
982
1349
1767
418
1303
2681
2698
2106
576
537
2759
2512
895
1002
830
203
261
1740
1062
2211
121
2430
1607
1650
1134
2797
2757
2045
1973
2120
343
2575
1834
2346
2506
643
2462
599
191
525
95
1314
2322
1078
1819
1734
601
612
852
1640
2581
744
141
198
2218
752
2590
2857
937
2805
162
1382
1056
2369
1214
2958
1537
1217
452
1018
2571
2630
175
1653
2229
385
1271
1136
2443
1518
2994
2920
1037
894
2149
1724
1732
756
303
2151
1319
2385
142
450
1221
1559
2197
794
2737
400
882
479
2473
1878
1121
495
1870
137
2401
2637
2978
110
149
346
2316
1148
2811
1589
926
12
1581
2303
690
2566
565
1842
2577
980
2623
2260
2142
465
2118
917
425
2840
7
2804
1522
1679
608
531
1680
1655
771
231
2961
1870
2553
2179
2195
2567
1154
2277
320
1231
2512
1242
2695
895
1495
665
2994
2689
2576
2811
658
1024
1746
2434
634
2137
229
927
22
98
826
2442
1669
904
1391
2647
1025
2808
1863
1322
1516
488
1988
2877
2399
2176
273
329
1435
2478
22
476
349
424
1686
862
1264
1464
2455
2156
788
2190
658
2110
1640
1375
1911
1737
1934
249
763
722
2969
2287
17
2277
1166
671
2455
85
90
317
1021
1379
1894
1866
2171
1620
699
1896
2310
1299
1683
415
1860
2627
2924
2898
2548
2806
2770
2278
1948
2819
284
1010
136
2359
2131
1264
1210
2804
2167
1003
2542
2005
223
643
1162
2640
1473
2810
1313
2690
791
1239
2907
880
646
591
2407
1580
2522
2717
283
1860
1925
849
606
1955
2884
2689
1180
292
396
687
43
2873
1287
127
1253
42
198
1213
1563
186
1558
615
309
2759
2740
962
266
1118
1239
1396
1113
1257
990
2171
2583
133
2969
753
2937
1959
2318
616
2257
2749
737
2564
1692
2331
1214
2063
608
477
295
80
2774
1444
2016
1854
2413
2657
2861
2250
1349
1249
2330
1286
223
2835
1000
642
2695
1465
1667
901
1870
865
2497
2449
471
390
1459
1328
1777
2632
1143
1950
2857
2757
141
2866
379
2077
1005
2186
99
2255
2364
1781
472
2030
1384
1222
350
2571
2275
44
2602
2214
519
1702
917
2774
1506
660
1055
5
42
1023
2116
1554
1513
1546
681
1508
989
78
280
2306
2001
927
976
1404
1015
2723
2251
2888
968
741
2187
1797
2831
1222
2244
2742
2595
2506
1334
306
957
20
432
2764
1140
2577
2122
687
1097
252
634
524
2586
193
2119
1382
1650
1821
1805
2634
566
165
2474
2365
218
258
1467
1173
2655
2472
839
1230
1482
316
1382
2495
501
1117
784
980
2973
2967
1558
660
1462
59
1085
1710
2482
1755
2518
1777
940
1821
1550
378
1638
1826
1912
2102
955
170
1028
521
154
2772
1178
2379
2066
2610
1770
253
1938
2859
1986
453
1763
732
1748
375
24
1984
2437
2245
1988
1273
2857
300
2854
1353
1701
2971
1886
2542
1117
1742
1651
474
1300
424
2199
2862
2516
204
2702
1442
1161
1719
2608
1163
2038
1951
664
1638
2548
2679
2860
2931
1701
1683
2980
193
461
290
1425
831
1133
721
2172
2116
1999
2957
1592
936
283
2571
1643
2800
823
2416
504
788
2742
1702
1548
308
920
1941
565
2962
1167
211
58
2484
2022
449
1387
1698
2518
2804
2127
1551
1583
1210
2022
502
1897
254
1693
1893
1413
1930
1986
193
1667
1501
2112
834
1099
1497
1414
1613
2705
1034
1161
648
1545
290
1833
5
2626
2510
2432
569
2111
183
1416
515
2831
738
1036
1031
1229
2068
2390
1060
1994
2570
2347
457
322
2203
2353
1732
1131
1985
2573
1819
1761
1790
2071
1166
2401
2279
1291
562
1941
1156
761
1394
1182
881
2474
1449
1014
607
803
2271
2741
2527
276
544
1460
2303
830
1868
1761
2993
672
62
2093
315
2157
566
2223
1959
2298
1017
2180
2743
102
1916
1280
2406
1730
637
2704
2881
751
1063
676
2209
2480
2250
999
130
2585
24
1260
535
296
329
1676
33
1224
946
2695
977
2707
2708
1202
1760
2177
649
2825
1268
989
866
2732
2681
407
1792
2218
95
1609
2796
760
207
321
2507
829
2055
1155
63
1893
1736
959
1511
2765
1782
1566
2888
1669
1713
2705
2336
2111
729
382
1245
336
163
2062
1485
1552
1617
1685
1261
828
908
436
2857
1593
1625
168
1258
1931
676
1671
39
1987
1165
1543
2875
2632
2204
2784
2453
661
465
1107
2169
268
1146
1978
409
2712
2532
1890
1521
2796
364
2992
2365
1110
235
616
104
2230
2671
2906
1188
861
616
618
540
2989
2132
2006
341
2342
200
59
67
163
851
1528
568
2267
481
2561
2858
2192
1241
2298
2299
1149
1315
170
2407
2369
1644
1947
2937
2589
2144
2292
121
628
1985
1425
843
515
2117
787
1577
2651
1553
436
2483
2660
2013
550
756
885
1301
1736
1559
197
1812
2846
2670
1124
1427
2595
808
2544
2817
1144
195
2431
2187
1881
806
1123
1736
2139
1509
735
551
1365
7
1861
1970
1669
846
66
810
2383
2129
2454
1282
680
2775
2904
2850
1331
1400
86
485
2214
1161
459
2659
2965
1995
1364
423
1526
632
610
2496
1592
1124
591
1030
1106
787
542
2664
370
1674
1205
2119
1504
1073
1678
553
580
2750
1758
217
2000
2511
2594
756
62
2533
1560
826
2692
1989
2592
1117
2832
1699
1006
2739
731
2403
1551
349
1265
1367
2790
1895
1306
2509
1041
2050
2167
1927
1112
899
1172
2857
5
368
1473
1330
1160
2901
1136
2490
1090
2962
1451
2343
2941
2873
2664
2397
2782
271
921
2787
1769
1528
1458
2782
1286
1238
1064
1685
873
459
1656
1496
2374
229
2924
159
57
649
808
1880
1568
1633
526
256
720
444
381
1652
166
1633
1271
1987
1721
1734
2313
2474
2030
978
1385
2448
197
2094
1218
1107
385
592
2887
616
2564
1999
1023
383
1157
2851
402
479
1606
409
1662
1379
2790
584
1505
1498
2582
2544
283
550
2877
1143
724
1413
1536
1265
751
2255
1719
474
43
1803
432
2808
678
1294
2614
1440
76
2105
2887
2586
898
289
661
323
1005
140
2546
1347
2100
2339
2832
2909
1223
691
1958
86
1088
1011
1642
91
170
221
394
1655
2844
696
79
2107
850
2664
2044
2458
962
2921
1150
1630
573
2971
2635
2069
1706
2148
280
2602
868
998
2870
143
2423
569
2265
639
1985
2282
1558
1220
540
2058
2381
713
2425
1931
626
501
679
688
1546
2798
2246
1686
688
18
1718
75
347
842
2744
2415
2857
364
24
486
971
1328
2515
1910
886
26
468
2033
2115
51
1211
1976
614
816
403
1558
1696
2224
777
914
1577
717
1483
2622
1370
2634
2270
755
2178
1762
887
2833
156
2735
1795
1990
2801
1874
2461
2759
2755
273
1483
1830
2045
1010
2049
2932
475
2754
1471
1645
21
991
433
2813
1081
2324
2632
1302
1638
1420
185
2510
2882
1720
1152
11
2351
2527
2144
2256
1079
300
640
2143
846
1038
1182
1234
2197
2395
2361
1917
2902
2598
1015
2482
1270
307
1171
319
213
2230
2527
948
119
1626
1102
1571
1659
1964
1688
620
1400
2152
2667
1222
2373
2212
1209
412
1542
2917
1342
1210
1222
1017
2425
193
13
743
857
1922
2681
2156
2875
2797
1952
2510
2871
1088
2721
1777
1219
2927
345
2148
1760
1876
722
1580
1265
830
86
1437
72
2877
1419
2274
2982
490
583
180
2374
129
2005
1915
451
2415
26
2994
887
2354
2477
2743
2287
1107
1414
2164
891
1843
2437
2780
