241
3007
3996
1978
2686
2088
1716
643
1372
3025
1699
1158
2572
2285
359
2816
172
471
3330
3529
2184
3441
1279
1362
1101
3763
491
1032
457
417
876
1033
450
1978
2997
1310
2215
608
3616
2663
2507
2133
1340
370
1108
2618
682
1048
508
3760
3327
741
1505
33
3049
2410
3174
3222
1727
212
2876
3051
1175
3020
1819
2251
3373
3001
739
1918
2110
280
960
3466
2676
2520
1313
806
2274
3805
3629
1033
2806
2055
3512
3723
3772
2004
3089
3364
1184
2135
755
820
3273
2355
2283
2146
897
677
1106
3638
3456
3615
133
1000
395
2784
2937
278
3775
139
3984
3685
1768
3222
2190
2979
3840
1768
835
2746
1707
3954
3250
1010
2802
3569
1016
2979
3390
591
60
332
460
1843
3234
3537
2829
2665
2223
558
3900
1606
2337
160
134
3199
352
2476
3829
3297
2074
2130
2872
1856
3649
2315
3688
145
548
3430
1834
772
3403
1075
505
3826
2933
272
642
314
826
899
1651
3316
433
3391
359
3464
1744
416
2574
2252
3652
2652
2495
2854
3313
1520
3867
49
779
25
2680
3739
2971
3190
155
2660
2778
712
498
2886
2624
81
2904
3372
915
75
3957
841
485
538
2772
1753
3987
903
807
1133
3732
64
1987
3617
2194
1880
2918
3071
979
3822
2431
1311
596
3717
320
1794
933
268
1243
977
3991
3220
1091
3154
2759
3527
710
740
1168
3086
2295
2577
1817
405
1795
1623
2720
1187
1069
1891
3247
553
1383
473
2655
458
3992
3632
1272
2646
860
371
1783
96
2986
28
3697
3834
3087
2287
1630
2833
3593
215
610
1992
1836
3848
1233
1534
1500
3639
2779
444
3751
733
776
1634
302
127
2101
1766
973
1052
361
3110
2516
824
3496
3667
3344
3192
2130
569
2662
735
3235
270
2420
3591
2067
3922
2268
71
1933
523
1776
3845
2442
1722
3915
1061
3777
2729
2776
3336
1107
1493
3565
3347
3116
2747
650
2262
3763
3595
3393
854
1607
3002
3485
2434
2008
16
630
1029
2869
2237
300
138
3897
2936
12
451
1299
2772
2154
1706
2310
1966
807
1350
2754
2734
570
1979
806
2369
2467
1229
2447
1924
3437
1135
1791
3382
2332
2852
2550
1449
3118
1497
3855
3836
3668
1599
136
2005
2457
882
1793
2465
421
2404
504
1052
1977
2322
3501
2600
1267
3466
3054
676
837
80
3327
1674
3350
2266
2179
601
3935
3461
1825
3639
3281
3157
530
3704
3577
1292
1783
703
3048
3019
3039
1189
3231
697
346
1656
2015
915
3918
1443
2079
3740
1234
750
3389
2825
3265
3903
3195
977
48
2320
429
3726
3447
1880
2660
2983
1617
3050
3195
3797
2280
66
2844
1261
3285
1255
389
93
3040
441
3519
3645
3788
1856
3166
3216
2132
3424
412
1019
807
3290
1791
1031
619
1940
2485
294
3137
2113
3027
3286
1969
2301
2572
677
2785
1343
3433
916
3570
3517
844
3841
3280
3213
3848
3853
3897
755
2694
3638
1658
2971
3213
3941
3852
2272
3457
3978
792
2286
3506
17
3633
3554
824
3718
3120
1355
2032
1805
1986
130
2055
2456
2326
3655
2011
2985
1033
1305
1579
3808
1714
1139
2261
3596
3023
200
2725
1647
3693
3045
3258
3450
1873
15
382
496
3373
323
1881
2384
678
1765
3684
1360
1343
2332
2251
1433
1070
2167
3568
2422
3041
1730
2777
1418
1786
3307
712
3408
3707
2585
3871
3022
1068
2307
1288
3892
3082
1973
682
86
36
3094
967
3539
459
3976
1732
3898
3744
2654
3130
579
1478
1814
3678
1897
3190
2238
3963
3030
779
995
2685
609
1165
1740
705
3127
3213
2615
1087
1320
73
478
454
100
1434
2250
1086
1423
282
201
2554
2000
1214
3681
2530
1172
2182
1567
1387
3207
3565
2101
2596
2711
35
3115
681
2250
3885
2940
977
626
795
1728
2484
3379
46
979
901
2710
3129
2185
280
3559
1003
1690
3794
3208
2086
110
1450
1147
1415
1319
2980
1694
3347
3772
550
3533
1425
352
3467
727
2050
3498
2666
3441
1327
2804
3592
2198
3571
780
2158
1754
219
3884
3752
1105
3323
2579
2766
2527
1813
325
82
3572
3207
439
1037
2497
1865
785
2717
914
3411
1627
2784
613
2949
3846
154
3560
335
2080
3854
827
509
968
1480
702
2927
716
2496
3009
872
322
553
918
3430
177
2887
200
479
2225
1244
2812
2162
3930
589
2079
1225
760
902
331
2023
3388
3709
3552
16
3385
3646
1758
555
1379
1382
3992
29
275
2545
29
2950
1234
2948
371
1126
76
94
1726
2704
402
483
1327
2595
1976
1784
2133
1835
1228
2595
772
2072
2984
3448
2055
2007
3298
387
1471
1510
3043
3060
3230
2157
1283
2981
3290
223
1228
1477
1859
2789
1270
3545
1399
182
2340
3769
2369
54
1861
1551
3260
3578
647
3677
135
355
2785
1368
3974
2732
963
3329
3458
1178
3762
3128
3533
3539
2126
1543
1626
2610
1061
181
2329
2205
3966
2008
2334
2780
2394
2670
817
1396
1849
2740
1504
3778
2580
2386
2947
1453
2077
3766
3735
1515
3009
2935
2693
1485
711
3050
2885
1636
1709
699
1675
3468
3836
1075
1762
2707
606
768
29
2017
325
3297
3294
1097
772
1728
2532
294
879
243
1727
3139
2274
542
2280
3766
3751
449
961
3244
3428
2448
2815
3038
3046
3731
222
1103
1240
2102
3482
2332
2932
1512
879
2396
1710
616
422
676
3523
810
943
3594
3358
2882
2801
3325
2869
2264
652
3253
3809
2510
452
3537
1142
2954
3341
3032
515
1831
3913
1571
3757
1226
279
786
3011
1922
3344
2909
2256
2792
368
186
929
2917
2535
1992
615
977
1185
1884
2446
667
46
3699
3160
1160
2079
1615
2076
2925
2805
1054
194
1762
3446
2571
1043
1824
2191
1007
349
1113
154
3161
2378
3725
2079
319
1468
1630
3381
1707
3997
1230
3102
1833
2659
2703
1131
2453
674
2768
3183
3483
2969
915
2152
834
3386
2558
967
1692
3535
608
3504
2998
3274
94
802
166
827
1081
2459
871
3285
3219
1333
1051
1947
1318
1165
3534
317
853
31
138
2730
1370
1686
445
1057
1807
604
3434
3476
2525
3730
333
796
2161
784
1650
1036
2091
1731
3579
141
1460
2099
2345
3523
1687
634
2429
1154
3028
460
3895
1767
281
1559
51
2586
2940
766
2509
473
1719
3047
619
3114
3940
1594
2482
2388
3046
2238
3431
973
2367
154
1302
3807
472
1776
1278
409
787
1676
3918
3142
389
2164
584
3739
2134
1035
3449
2115
2776
641
415
3573
680
3681
1043
3298
886
3603
1620
2047
1145
2163
2769
517
606
552
1644
2142
538
3169
3553
374
2462
3448
3214
3349
2278
3755
825
3867
2283
1668
2668
3845
2423
3308
2915
1204
889
2348
1277
2140
597
2447
2135
1228
2292
2304
3015
957
384
1708
1459
1179
286
2524
3869
2381
3896
1605
822
542
1339
842
2426
2601
863
902
3089
2904
3176
2342
1689
3850
2582
2012
1013
1371
2925
960
1759
2807
206
72
731
3727
3452
3739
2758
2272
831
3173
437
3020
1176
2957
1848
3158
1190
287
3855
1650
2944
571
238
2188
609
1693
3417
3202
3988
3294
2611
2622
3858
2851
745
518
3378
1833
2306
2782
280
2418
950
56
1001
1886
2021
22
2861
3292
1496
503
2180
3803
66
250
3971
3025
1011
1011
1508
1528
2288
647
202
3460
3116
2046
3221
3665
2795
2985
3170
3552
2144
1196
97
818
2937
631
3165
2780
3963
2384
3416
3782
2576
824
3920
2214
1657
1330
100
3322
3387
612
3613
32
1022
1347
2209
3109
2884
1596
3122
1864
2883
1300
3382
771
781
3474
1027
3974
3685
2972
206
508
3237
459
982
244
3351
142
2191
545
2456
3843
1059
2095
1344
1921
720
3805
1390
1407
2177
1963
867
1340
1879
844
393
3860
3980
800
977
100
1704
240
895
1308
2013
2139
2756
3913
2978
3076
2882
3785
3874
3467
2605
2748
3610
172
2567
745
1573
2647
1528
499
1674
171
2626
3645
2379
3231
727
1545
635
1302
1184
1776
781
2577
3020
1431
25
1132
1355
2674
2774
993
3236
2374
3407
848
603
2377
993
76
588
143
2551
185
2396
328
963
1234
3968
1278
3845
1461
3722
3379
3150
692
928
1380
778
2571
1009
3374
2996
3837
2415
501
726
2871
2398
1281
2781
3912
3553
2501
2989
755
3834
3563
1355
3544
618
2451
2823
2615
2331
3763
2876
329
2266
800
2715
1754
1800
2957
847
3245
3320
144
1104
2493
3759
310
2954
3591
2904
2866
155
1633
2472
2303
111
1661
3678
8
2961
810
3427
3636
3056
3317
3406
1720
1014
976
3224
1191
2267
352
1908
601
1232
217
924
205
1059
2391
2219
3221
3371
388
27
113
470
3639
1391
1325
3667
3778
1117
208
79
465
1064
1396
2176
1285
855
1619
299
3144
3657
3679
1588
2835
2499
612
3808
2304
1733
709
2415
3976
914
2958
1259
2982
2852
1331
830
777
1108
1674
3392
1391
50
2002
1753
422
3811
200
449
3931
561
2138
3987
1832
213
2723
1282
3448
1631
449
1951
3638
1315
3872
2541
1594
476
2086
2651
1515
1695
1584
3229
2074
987
3779
955
3559
2357
1167
1295
1015
1464
2244
1847
2178
719
2472
2780
1842
1335
516
3710
716
3489
320
1360
1486
3161
3284
3691
193
1869
1271
2260
3460
1920
2293
3273
3167
2937
107
1472
1708
3284
2671
3270
3798
3079
2318
2921
935
1899
1502
2096
3724
1919
3762
2067
3620
1656
431
991
2414
1935
997
2986
3257
3317
2099
3918
3027
1468
3374
721
2699
2960
3166
1228
856
1240
3051
3112
3665
222
983
3807
3394
1608
1746
3601
2554
3033
1131
3696
1722
1922
1164
1560
1115
1669
1063
183
3869
901
731
621
3721
1101
2740
2458
3855
1027
1032
3232
2619
1273
1020
2498
3836
637
887
2992
1765
3362
3492
212
659
2993
1556
2879
3669
2960
2541
3296
1021
2793
3041
926
316
3197
488
3246
1088
288
693
1544
2733
3990
3763
3755
3248
3429
3442
440
2440
1470
2260
1346
2361
118
490
3984
404
2353
3457
2966
3673
3069
3793
1726
1272
157
768
299
482
2295
3563
1310
3868
3743
1397
3452
92
667
3074
464
1512
1040
3827
3522
2456
1994
2650
3094
747
2674
2723
3268
2002
364
784
83
2691
3499
1305
3573
261
2349
483
2973
749
193
2554
1665
1005
2877
1432
2524
2194
2907
631
3810
3509
1068
2001
1865
1470
679
1478
2412
2217
2954
3710
14
401
2552
3816
2522
288
2975
1692
1393
1007
3881
1832
1046
637
603
2154
1668
41
2197
279
62
3256
2285
1793
2594
768
1796
2472
679
706
1503
1282
668
3789
1358
1623
42
765
3739
2079
284
1507
1846
3066
184
1003
1795
3905
2309
1022
1136
2468
2485
3172
3280
2121
3346
260
1433
188
3613
3194
1857
627
1464
2023
3871
1139
1115
494
2924
3287
2505
3290
2568
279
1601
160
19
226
667
2318
2001
2922
257
1512
1264
1884
160
3433
791
3988
2174
876
3198
292
3930
1565
1044
3452
781
2091
3020
1404
2835
3767
3746
1843
1540
753
139
1479
1858
2953
3603
2443
3630
3447
1770
637
1522
1796
3642
3297
402
2788
3606
2374
3659
228
1350
793
3322
321
355
1961
3042
2599
2200
1279
1560
2394
2098
258
2264
1180
1519
716
893
2853
2627
1560
2471
3669
1252
1600
3970
3299
2584
135
1935
2237
299
386
456
2160
3325
3410
1552
2841
2588
1272
850
2073
3559
2611
1600
2670
3241
2130
2437
3629
1366
1506
3254
3517
1118
1764
1324
1872
1934
1398
1715
407
510
2802
3284
874
2371
2080
1955
613
710
2562
1167
2807
3378
1127
2741
126
1289
1002
3034
2670
2308
2515
2758
1444
2060
2938
1453
2404
1571
3538
2119
2634
280
2535
2899
1466
172
3188
1208
3590
2572
3257
944
1231
3266
351
834
1361
2996
3497
2008
2094
1377
1540
3190
913
117
1732
2985
2514
1172
1036
2922
2093
1316
1081
2689
2664
2803
1586
3502
1200
118
2071
3278
2348
555
726
527
15
3186
3840
1801
3316
1882
2320
1722
1424
114
3397
2917
294
1858
2084
459
1625
1761
13
1265
1697
2176
3249
3398
1734
3304
2115
3941
304
3378
477
3006
673
1134
3703
3635
1690
3205
2838
141
1804
3916
956
3835
1114
1982
2250
2944
917
1178
1734
2685
3306
3262
2329
2361
2344
46
574
2882
3479
3764
3966
1466
1887
2827
1161
2884
903
3546
1631
2032
1459
2966
996
476
127
201
1985
406
2931
1196
2291
1111
194
1293
529
1617
3262
2132
1013
798
3285
3930
1397
3786
2644
3149
3803
1346
3429
553
1594
2581
1286
1683
55
2999
721
3546
1103
3013
2308
2107
404
713
1527
764
629
1804
1267
2997
574
2129
562
3518
2016
2324
627
437
2553
2496
3149
356
2287
3817
3186
2014
2620
1814
296
3023
784
1688
2851
188
3402
1606
2019
2181
3092
1974
1274
2363
127
3797
2149
437
1608
581
3983
3561
1422
190
2112
276
3267
2946
3790
2018
1535
1295
285
489
1481
1875
3147
1496
1633
3488
258
1117
1633
3776
2149
3625
1083
1618
2877
2890
924
664
2593
2219
3624
547
3538
3826
1153
471
25
3669
3415
2160
37
453
3514
1578
2739
893
917
3885
760
1796
2774
792
1664
1391
1544
3029
653
1033
337
2746
1884
2275
2522
720
1348
1010
155
3617
2041
2674
411
2107
740
240
2442
3423
3265
63
2698
1117
1024
3126
1796
551
1088
1032
67
2954
2693
2879
3353
3405
3460
2036
3593
2747
3243
2289
2439
3492
1878
2566
3128
3148
3761
3876
1034
2129
758
2482
2761
2393
2060
2251
3423
3607
2519
1347
2993
748
59
816
2272
3266
2305
200
116
3243
164
865
3957
3927
846
2782
2601
2803
2697
3780
1568
630
3664
2964
3558
2279
2368
467
2048
1408
1477
2369
3732
3726
406
2977
510
2161
700
2437
2654
3997
1718
3267
511
2819
943
3587
3987
1812
1732
2244
3498
2399
755
3801
2334
957
517
277
3485
2093
1942
1825
2795
3977
923
1194
168
3038
3471
3991
140
3251
763
3655
2939
194
2955
13
1646
65
2049
3806
582
2927
3570
3391
166
1574
794
2251
2099
2149
3797
1975
1623
3680
1093
1995
3114
2846
3390
1531
31
20
1289
2617
133
3565
2917
874
159
3370
3300
696
1829
3100
720
3298
3693
3089
2754
1381
1321
1226
2529
860
47
2822
129
778
1625
867
1037
1929
3667
2130
2995
1182
1767
409
3495
1157
754
888
1459
1847
71
2865
3246
1922
3505
3483
1144
381
3305
1228
1363
1960
769
3586
1719
844
1514
3321
2879
2692
1335
2207
607
1423
3893
2196
1275
811
2580
3950
1230
1255
3479
3910
732
284
1511
2038
3323
1020
585
908
2806
2890
3242
968
1265
134
302
1456
1606
2779
2738
1276
3193
3543
1649
3189
2473
2165
2463
3629
273
2459
1052
1196
2572
2737
995
1780
822
2196
3367
1153
3224
1154
1134
767
3813
441
1850
1006
536
1070
60
2155
1779
1083
41
1008
2299
3354
793
1771
3778
2793
645
621
2568
2244
2323
2740
2569
2308
1551
1686
66
1535
2531
1060
1409
1265
3680
1723
3125
3155
275
883
625
3436
2162
3165
512
1867
573
3503
3154
1647
1450
1881
3391
3780
3542
2872
1123
3544
135
1266
2763
2640
1655
3130
3903
2019
1534
3301
115
447
3841
672
283
3564
308
3321
1811
1112
611
2204
3522
505
1701
1858
2416
827
3107
267
1735
2473
118
303
932
2553
1693
2904
911
2528
979
1082
2044
2995
4000
591
535
2107
3079
2828
1819
2349
2486
2447
1099
3178
2497
1347
2762
45
3338
3108
3325
2341
2278
3642
635
3772
2166
2807
1230
203
3250
1508
3526
2419
1583
3888
2378
2359
1851
2251
10
250
1280
664
2221
3885
2838
3842
3073
3328
3414
1680
1475
3112
1403
3651
2627
3715
2946
1588
1017
2472
3375
2387
2185
2887
2764
1587
1749
818
345
591
1497
1521
351
907
239
1925
2894
2737
698
3880
3164
739
3584
1462
1470
2061
3342
544
783
431
1854
3591
1977
1511
584
1281
1959
1973
380
95
1186
1987
2434
2805
3254
2085
3050
3835
2158
2769
1528
3511
3905
1810
995
453
478
3202
2509
2433
3863
188
3551
1223
3081
3937
2239
2330
3127
3163
2955
348
3434
340
827
3477
1346
491
1409
2871
2736
2201
554
404
3301
3437
3079
1735
1974
3817
3612
1095
3215
2285
3510
2731
108
713
706
678
2377
3362
226
605
481
2148
2408
3939
931
185
3901
2837
724
2514
213
638
2314
3768
1021
1702
3316
1533
943
1712
1070
2315
3230
2554
465
528
3087
3067
1141
1992
1970
217
3440
3095
625
851
3600
1665
695
3440
615
705
2735
3589
2138
1619
2763
3314
3793
3199
348
1186
2672
3022
1365
3646
3550
368
2106
756
1970
1623
1994
3089
770
612
705
3830
3245
1548
870
882
3235
1935
3040
78
3066
1197
662
1327
3559
423
1736
1629
3542
1082
3761
420
1518
507
2116
3036
3148
711
782
2159
892
1336
1127
329
3976
502
966
1549
2158
3383
3147
340
151
128
2199
3074
137
2607
2939
3227
732
1621
7
263
846
1312
3435
3773
2894
1082
2581
3911
3977
2480
2292
177
3198
3626
1740
389
1818
3407
800
996
2797
3474
111
1446
2306
2949
1577
2106
1748
1538
3378
1696
1096
2791
2781
257
1291
874
2914
1830
467
2304
2084
1522
303
523
3930
3432
2572
3935
1613
726
2045
1776
13
1243
395
527
2352
1619
1008
2415
1207
1090
587
3493
3780
1558
2313
1709
1991
3979
3072
704
1275
1422
1255
1099
2176
3467
3432
3129
1478
3942
3016
2880
1109
3011
3369
2619
1725
3861
2643
1136
1872
2480
968
2890
3838
1272
3901
1116
1721
177
1735
3554
182
3828
3421
1728
2151
640
1666
2375
143
367
726
3241
2858
3149
3191
3646
1027
3506
1925
190
2804
710
13
652
3594
2342
908
716
3561
762
1912
664
2335
3570
3622
1604
1008
1939
107
258
1670
924
1280
2373
2712
518
2208
2460
3134
1756
146
610
1719
3563
2422
3747
518
2015
2443
758
1811
1784
2951
2208
3791
479
65
3601
890
407
3461
3236
2754
1462
1337
824
458
2571
3692
3754
39
273
3959
2280
1161
1128
1936
1137
475
1138
211
3149
668
1613
1453
2543
3861
1337
1048
3592
977
2900
1977
1722
2514
822
2348
830
630
3315
317
2184
2407
3956
1950
1233
312
1601
3773
1513
3673
3692
1746
251
1462
3338
3553
3531
105
1410
3459
1638
3031
1504
370
2611
1658
1321
2481
2836
3854
2050
499
563
2796
2982
3385
1020
1224
1107
3981
2858
1456
1748
2954
289
3404
3329
1317
3309
2812
97
1522
3844
588
2181
2987
559
2617
525
486
293
1955
3907
3445
2717
3530
3729
1551
117
2072
449
2967
3797
3218
987
1571
1281
696
2038
3424
685
263
1672
2648
2009
850
750
1719
1561
2927
288
129
2838
662
2182
1377
506
1214
3599
1705
261
2932
3608
3413
2800
1080
1861
1063
1881
1807
3796
1808
2302
481
596
3272
2196
3369
771
85
2044
1083
3658
449
83
2373
3092
1450
3470
3338
3704
2794
3254
735
1186
2580
1418
1104
1825
2738
538
789
1744
1418
3542
405
2726
2448
2450
3520
3137
3916
3148
2420
2159
3849
478
747
3103
846
1759
1622
2142
2871
2898
485
1733
1389
3213
3428
2150
1603
901
3615
1750
1723
1470
2152
1348
3826
14
1104
85
2937
1773
2254
3792
1041
1602
1653
2523
1668
3920
3909
366
1132
1381
3152
267
3138
709
2171
1678
804
66
3194
3549
1407
433
2623
2169
1936
245
3651
1050
3026
1476
3363
567
925
191
2624
2223
3437
3005
1150
769
2459
3019
3633
2881
2236
716
2850
1882
1429
2796
2841
3297
834
1500
2985
810
3452
3354
993
1311
3000
956
1217
1231
1216
2064
76
3828
527
3549
3094
1682
517
3449
1742
3262
224
2104
335
2066
1786
3195
1067
200
176
295
2825
1141
3822
3238
80
3132
189
882
2589
3562
2900
1450
2177
441
2437
1951
331
2614
785
1913
972
1498
2255
2109
2922
141
1880
157
1590
1005
2100
2605
2587
1866
571
3079
3650
3188
1003
1075
2518
1356
774
3275
3968
588
2892
1723
2348
1446
1180
2440
504
1328
2225
501
1422
3862
408
2759
686
3987
3313
2371
3245
2229
2917
1276
1718
793
1284
939
2424
3547
972
1613
2903
1000
2311
28
127
2398
1559
311
2013
3400
2409
163
2771
369
967
798
404
2092
3311
3272
1164
893
881
1667
3545
1537
1981
3724
894
3354
2311
3764
397
3625
3286
2127
1004
2467
1071
2797
3118
2598
630
889
3903
1025
3535
522
526
3894
1511
1299
3672
1396
3140
454
1577
609
1251
2497
2753
387
875
2657
1617
810
3305
868
736
3352
3564
2399
3779
2169
2944
331
2877
1998
3365
3545
3097
1729
278
3346
3269
3641
1093
1841
3164
2150
592
1192
338
3484
1457
3915
2935
495
181
1299
3641
1595
1853
3164
2168
747
3207
986
316
2774
3790
3226
519
3529
312
2627
944
3332
3787
1009
1579
2493
1322
3081
3004
1390
733
3561
3954
2328
3326
2931
3801
285
1907
1068
1514
1629
3691
1494
2442
2068
5
3174
2430
207
3504
507
3473
3571
2615
1616
2806
1105
529
605
1519
2498
914
970
2832
163
3591
210
39
37
2804
2640
17
2
2310
2999
863
873
3286
2583
2026
172
1587
148
44
66
2270
3956
1680
2561
2937
490
494
2728
1281
2959
2232
299
2858
2970
2832
989
1322
531
928
1178
3782
452
3948
2062
3837
1455
2189
814
1168
3907
3996
961
1106
3287
3122
2477
216
2917
3063
266
726
1752
523
532
1445
1079
858
1057
2000
203
2070
351
178
945
1928
276
3433
1954
3053
1098
1922
3614
2515
1495
372
2388
475
1091
3668
2487
3781
1443
2148
3139
3170
819
460
2470
3625
3133
561
2034
6
2956
2898
1366
3703
1478
3950
2286
2706
885
2402
2854
2647
2799
1116
629
3440
3026
2756
3816
1791
3053
1376
3345
1552
445
3849
287
1307
242
2123
685
390
2059
1620
3691
2399
3181
2649
2529
2307
1580
1774
728
379
2096
1534
2219
675
3302
3962
3698
1837
3968
2506
2527
2423
1469
1779
1574
1749
494
217
1076
3257
3172
1535
3852
479
2784
205
2524
598
1585
3011
1434
406
2582
2603
584
876
2007
971
1863
3446
501
2551
1330
2847
3432
1195
471
1767
179
1203
3086
191
2441
3686
94
440
3042
3142
1527
2324
3990
360
2807
971
842
1074
3426
254
3785
2520
3989
3082
3164
549
3697
688
2092
2629
3585
1556
1460
957
3126
1974
2361
3237
2491
79
583
717
797
582
2352
3510
817
1422
407
3102
187
2272
3981
1592
2003
2770
1196
635
315
418
1034
2048
1278
1083
3864
3691
2788
443
2482
2537
2483
1798
2805
391
728
1924
3531
548
1673
2501
