596
1158
2187
1443
4104
216
2539
2740
3546
2862
2005
2319
2725
4016
4564
671
2558
1271
3720
4379
3756
2114
2011
675
1257
1585
1783
2743
2709
1223
4954
3288
2835
264
1911
3531
2794
3572
2642
4688
562
4712
1018
4225
10
2678
2135
287
3078
4150
3352
1712
2305
4853
2975
4524
1280
2324
4519
1378
1290
1460
3331
562
2596
1202
4603
53
4546
1315
3797
1718
4698
4595
4450
1412
1872
795
4720
53
2634
2982
3945
750
1789
1271
1996
4338
2701
3189
929
2665
3316
2452
1262
1541
1281
2485
56
3789
4807
331
3342
2333
3710
3494
2491
2885
3647
1413
3943
1854
2642
1178
1282
2233
3976
2397
1144
4808
3846
1823
3345
115
4552
4041
2657
673
4348
177
3353
4760
3104
3691
599
2572
1061
4774
3732
679
4717
392
4990
3653
3713
2413
596
751
4062
611
4352
3587
3418
3704
4836
3349
2655
3377
4821
970
600
2768
4838
1502
768
1650
2934
124
2813
607
3785
4546
3486
411
1124
829
306
4901
3734
1867
2746
1233
3279
2854
4459
3947
2555
3985
3543
3832
78
2914
3137
2623
2122
3823
596
2472
3811
4984
798
2631
3691
2542
4374
1492
3188
39
928
4134
1751
1897
3564
3299
4150
308
4332
3300
4631
4827
1999
2847
2562
4120
2360
4326
3877
4867
2480
4145
3005
1580
1910
3479
2966
2074
3247
3920
4902
945
4078
2556
450
4033
4483
1564
4102
3928
4196
840
690
2642
1476
2179
4620
3947
1885
434
2818
3626
2899
2256
474
598
2473
2555
2176
1523
3038
4778
935
2125
3330
3023
3356
1780
2231
2461
1886
4475
1079
234
3668
2923
3556
673
2396
1977
4507
4456
1033
3637
2787
2510
688
2270
3642
2081
830
4185
1995
4528
3680
3929
2900
2900
1391
2593
4214
240
184
68
2293
3591
2723
899
2804
3318
1514
870
1410
4217
551
4201
1600
1178
3547
382
3376
4652
525
4678
388
1781
1285
766
2298
3782
2220
1331
2420
4913
281
4844
3540
2951
429
2046
3345
1984
4439
2868
3119
1139
4453
1548
2629
4129
2491
995
3391
1053
3379
1428
4941
4086
3573
3050
3740
3987
984
1048
3334
3133
4697
3135
2747
4272
4499
649
2233
615
1759
4859
3664
1947
4846
4362
1008
2733
1748
4575
3689
1387
1299
2046
3279
1364
4900
4321
652
1574
4554
2350
1597
3778
4534
4703
2140
2882
1755
2878
2831
73
3204
4483
4153
185
1416
4524
1908
4972
4826
1192
586
45
1882
4477
3087
33
3743
1898
896
4322
3724
3538
4097
3076
2106
4878
2770
197
2571
47
2474
2352
3572
339
970
663
1194
4950
2828
585
3097
534
3254
1499
1477
4380
4234
2400
3815
2014
4302
3466
703
4033
1493
2488
3498
2105
3262
4101
2872
2450
2737
3413
2779
1324
988
934
2346
1451
1086
1340
1835
4309
2861
3347
1311
352
4836
2770
2547
2072
4891
732
522
4584
4443
4046
2749
2571
4610
4465
4475
2434
2973
4758
2598
149
4786
2538
4049
3991
2123
4476
2620
1351
4541
4308
1078
2392
2095
4838
3370
859
1335
1278
2149
3340
934
298
4705
3118
2122
701
3827
693
3621
4473
3996
3657
794
1891
3798
4698
1834
2953
2488
2433
3708
670
1795
2329
1087
1552
3859
4511
4625
2972
690
3034
4053
3037
3718
2099
128
2270
3353
3183
2869
3506
2362
4599
2975
492
471
1160
771
1549
4637
2214
1855
1770
1433
3883
2551
2049
3361
1991
3903
4086
4314
3505
4466
537
1814
4120
3449
3834
4517
4217
1627
582
4572
2538
1069
8
2132
2930
4076
1497
2072
2520
1593
4585
3511
9
1395
1814
3524
1768
4095
2931
3428
1843
1189
3404
4913
3257
3775
3760
3411
2194
1064
566
3024
3574
421
3049
799
3828
2960
776
3563
2715
4923
3612
4974
2499
1372
2866
3201
4188
2949
227
3600
3261
998
3047
313
564
33
1046
4990
4250
968
354
1941
566
1198
1100
4223
905
1486
2479
2005
2631
105
2767
1279
1628
2136
3216
3991
1209
4036
2798
1790
3743
4614
4081
4705
198
1097
2636
1918
4187
2677
1461
3512
1390
3911
4437
4340
2710
1633
4274
1659
1700
1447
4461
4030
1431
240
2197
2056
2888
3264
1080
706
4259
995
4015
815
4590
2445
3276
1240
4051
3131
2404
1026
2126
1426
671
1977
2227
539
716
1020
4957
4283
4588
4256
737
2288
3051
4341
3826
4306
1044
2816
4790
2120
479
383
2559
3635
4664
4128
730
2659
2468
4491
2094
3375
1018
457
426
3387
3678
3534
3173
1269
769
4097
1640
629
3944
1122
3572
1007
3278
2911
4241
1056
1488
4693
715
3163
1604
2546
2834
4232
3534
3192
2376
564
4963
2806
71
3019
4678
512
2064
1419
82
1892
79
4276
1143
4103
2315
4984
2149
1009
1123
2813
1195
4236
3194
3087
2391
4005
3468
2695
3942
3386
876
3533
4085
2536
1063
541
2704
2236
4662
4027
4843
38
4234
115
2182
2147
3784
2185
1066
909
3069
798
4373
1235
3067
815
1831
1031
3348
4404
2612
2807
4000
1132
991
2518
3215
1200
4580
199
1354
3055
4747
4987
3882
3159
347
32
4458
1140
4413
3683
3972
2850
732
4530
1090
2187
420
3562
802
355
2974
4879
166
4705
2159
3123
3988
3990
147
1190
4302
4757
1760
4042
4837
543
4055
2051
4052
789
4758
3567
3887
3171
3733
4774
2891
1948
372
3070
2219
2026
4327
4458
1983
822
3077
4565
1766
2036
3581
4909
2785
3904
2809
3450
3702
3141
3449
4020
2058
3116
367
3684
752
4772
874
2171
1969
162
4985
605
1049
3849
4766
2765
2166
613
1962
4938
2608
4469
294
4463
3063
3514
2417
2622
1305
4759
964
4857
2734
3200
2344
2034
380
4038
2756
53
2892
1442
3120
179
4434
830
1567
2938
4483
1885
3672
4359
4955
748
4708
2158
2321
937
3719
3719
554
1807
4966
1290
2473
582
602
2358
460
4643
2327
1853
271
3573
63
4757
4814
244
1306
4029
1825
2417
4261
2704
1458
3690
3288
3276
2767
4340
2447
2866
3249
3908
4295
4517
1668
311
1110
4375
2061
4087
4898
2673
2445
3601
1607
3323
2686
2840
1258
2683
1640
3666
4567
4987
3078
326
4166
1727
1947
4376
1500
2751
1469
764
433
3015
1837
1123
4559
4885
2082
4552
2390
4848
70
3411
3990
3422
1867
4300
1486
1648
4550
293
4742
2499
2781
787
1377
4554
4997
1039
3356
3221
2176
4986
301
2648
1081
4128
3066
3279
2260
4659
3481
1786
684
2294
3249
214
2938
4213
3157
1413
3447
1524
726
1470
1442
4745
3332
561
4201
1151
4553
868
831
2213
300
2637
4531
2422
990
2120
2433
3084
4512
2903
1731
1546
4839
607
1787
68
4598
4563
749
1503
1196
3728
2994
2915
565
4941
2212
2734
439
3229
4757
4988
1399
4192
755
68
75
3936
661
1586
1645
1476
257
4494
4077
1511
4636
3353
301
1658
3983
4288
3635
3552
4783
2676
960
1532
3461
291
2737
2151
1096
794
4613
75
3562
1116
4799
4964
460
4571
857
1760
2282
418
4161
4325
2715
2026
1353
1825
2431
1521
4579
1389
4706
50
3798
3934
4758
2626
4985
509
164
4013
689
3082
2166
1005
352
3650
1845
4077
4527
4532
4844
188
1326
531
1534
2969
141
2124
4959
1009
4813
3398
1240
1912
2363
4109
1343
124
3264
2402
3972
504
3901
957
4114
3299
2183
277
3377
2316
4303
1325
351
4571
1688
4053
2967
728
3642
1421
3097
1752
625
1858
2144
1806
2765
959
1290
3388
1622
1477
4033
3619
2578
4130
363
4573
2591
2665
2791
1203
2261
1534
2497
2598
132
331
1926
1110
1955
4028
1720
3310
1927
2580
2096
3480
841
2246
4692
469
951
219
287
2982
1530
993
688
3848
4597
3987
2871
4441
3727
36
1979
939
3872
3937
4244
4799
1172
2491
1583
3846
3663
3014
463
448
3371
984
3842
2793
3973
3611
283
960
1307
2150
4129
4033
3748
551
2915
3927
1972
4073
3222
2990
2165
2947
571
4031
193
950
3725
2628
1340
3545
2145
3903
2285
4139
1545
4734
1715
4821
2425
3996
3067
1462
3524
4820
648
1501
3526
1188
2521
299
3290
2810
1313
3143
4970
1019
3749
1173
205
3376
4093
1704
706
945
3558
3351
2018
107
2709
3605
1582
2114
2957
3532
1275
2770
1408
4487
3855
915
4140
2063
2418
844
2221
3199
4166
783
4365
3730
2210
4728
583
1249
3444
1534
337
879
464
2581
1558
4930
3852
4313
1917
3542
3378
972
3207
4439
3187
368
1418
3840
4506
1976
498
2649
2333
1764
1423
925
4045
4598
4842
810
3421
887
970
1610
3151
3130
1952
370
1189
912
4812
1270
4832
2873
4209
2376
2574
3658
2568
3526
2454
337
4783
4151
1000
2435
944
3365
4588
2188
2630
2872
1784
146
3748
2722
4082
1082
4586
3411
4516
535
4563
4759
2717
1422
2588
3368
4420
193
3627
4886
3310
2921
1332
2489
2674
4453
599
1920
1579
1009
2408
372
3045
1027
4809
1376
915
3815
4340
4377
3841
3151
3346
1953
4074
1194
4912
2817
4133
4999
52
128
229
1338
4479
346
1392
1598
4715
3629
4592
2761
3331
471
1833
2355
673
678
3703
3269
78
2217
2665
4608
3220
2871
2307
1149
2403
2296
1363
3640
888
4888
1943
2015
409
2945
3112
2733
2733
3682
112
2958
4124
3623
201
4766
3855
2468
1789
3260
4324
826
1974
326
3765
2714
924
3299
2428
3721
2592
3920
4010
993
696
4995
4200
118
3966
1762
2190
4140
4067
1180
1377
4933
4748
2265
2199
1410
208
684
3572
701
1585
4080
2562
95
3277
162
643
209
701
3039
1726
4787
1845
3467
2791
1835
2224
4781
1533
4656
3658
3215
1594
4015
503
924
3871
68
4229
601
2824
3675
1598
1630
3414
4960
716
3639
3476
722
2733
1356
3614
174
1148
847
4516
4436
1228
4866
3304
3803
4524
616
2244
4063
3888
3180
1345
2267
4399
3885
1529
4991
4064
849
82
3796
4451
873
4489
2129
1421
262
2647
261
976
4799
1384
2737
585
4823
440
3915
1939
2996
2720
4912
1108
1178
2338
1891
416
4121
2606
1051
1862
2316
3621
1215
2120
2511
4980
2887
2181
4854
650
1953
1553
1790
2532
4084
4342
1339
2337
1727
2368
3965
3611
4682
4813
3056
3704
2952
2140
1775
4559
1573
4291
4447
557
4323
3125
4726
1962
2744
3971
3521
1796
1672
1014
2610
3614
1342
4334
834
4051
2702
3775
1178
2372
2070
2385
2285
3957
338
2971
3680
3768
3313
4215
161
1568
793
4047
3701
4779
2550
3633
1476
3613
300
1777
1963
3829
4080
1338
630
4820
4618
1844
425
4123
732
400
283
1308
255
630
4509
2534
2065
246
600
4075
2429
4901
1881
638
1456
3496
1057
1397
4292
879
3013
2756
4638
2757
5
3531
1498
76
89
3699
4749
3177
884
4165
4299
4229
4146
1136
1978
4549
1699
3274
2622
3745
1350
3403
2655
2427
3420
2175
4774
4377
263
2608
4234
4304
1789
900
2719
789
1683
1964
3372
4469
850
4559
549
946
1515
3187
1232
164
3738
1191
4656
4720
1630
1032
2379
550
2372
2919
4954
4750
452
4652
713
1445
1637
1963
4559
2436
3804
4425
118
1809
2003
4502
1935
4834
1371
4326
4575
323
3360
1265
1095
2773
3143
4363
3046
3636
4311
1181
1333
1590
722
3304
2178
3412
3260
2305
2528
2028
4990
1647
4343
1200
2711
3958
4471
593
2890
57
388
628
78
2796
3236
876
2983
3492
3030
3017
232
2416
3481
613
2412
4549
3696
3167
3902
3154
933
612
3024
3968
3859
2403
1585
4858
1711
2501
2357
384
1126
3967
1184
1757
4419
2743
3692
303
596
1695
1279
4471
1569
568
1026
238
3834
3593
4242
1642
2779
488
3323
4786
4308
1170
4666
2721
4044
2643
475
839
4598
3504
1809
2613
4149
462
4515
1058
513
4107
981
3278
2160
1675
1088
4070
689
3624
3089
508
2767
1264
4549
2682
3556
1728
3904
2267
4660
590
2821
3108
4849
2424
1872
4529
206
397
4947
1704
1557
3143
4789
865
2203
4182
4500
3350
1192
3903
676
2810
4595
1475
1509
4533
2517
101
2006
2395
2811
211
1305
610
3928
4760
1140
3099
3068
3085
4332
1233
448
2953
3999
3159
1637
1050
1402
1858
2131
3403
1557
4704
4738
3797
2322
3662
56
2394
2502
62
3772
3493
3153
1156
4390
3098
2547
3822
1068
397
4526
943
1611
4609
609
1286
2012
117
3470
1566
1150
1300
353
4269
297
3393
3333
2000
448
4644
580
3611
1797
27
3844
2053
2142
2358
2193
1024
3256
2556
3896
3245
4454
1555
717
300
1411
4949
892
2522
3276
3571
547
3741
3337
4372
257
3496
3920
633
892
2005
1274
4496
3008
3482
1760
2191
4721
1032
3086
961
4466
2351
2540
604
2119
2346
3863
2181
4674
4972
2968
987
616
4101
4535
3078
636
4218
4045
4252
102
3515
3712
3975
3565
2540
1268
4880
4943
3232
3040
1415
232
1183
2595
2407
4102
2281
1741
67
1822
4061
4987
543
2340
4579
1259
1960
3285
3590
624
586
1026
4516
4520
3985
4981
3928
1719
3566
4604
4862
1350
2812
3935
4465
1314
3054
3574
4531
1267
996
2931
2946
627
3139
2992
4368
3883
3573
2343
2663
4960
3666
797
3367
4747
1756
4604
3434
3588
266
2215
3514
4760
4388
1915
930
4868
438
723
1808
4715
594
3620
1913
1194
2190
229
2770
3389
2715
3175
4253
498
3300
3945
124
4219
4156
3769
241
1490
4114
4540
2597
1393
232
3185
4242
376
4724
4566
2335
3820
2515
3002
2570
4003
4841
4351
2504
2362
3879
424
4130
3828
1070
1368
2168
2605
3421
3796
2835
2952
2310
609
1268
1174
4019
101
366
4939
772
1321
73
2584
4582
1825
2404
982
4357
711
1496
257
807
4938
2071
3443
4134
4948
4695
607
3735
4074
505
871
4402
4569
3822
4368
297
4165
4757
3769
121
1954
422
3940
2228
87
3770
1091
3457
4346
188
248
3802
4329
4529
484
3454
4774
2979
2560
4534
4638
2941
1990
754
1994
2008
4368
4077
3624
938
1186
2107
4979
3204
4847
1987
1625
4649
394
1242
1842
3849
1034
2708
4180
3093
342
3466
4897
3958
925
922
1955
1513
3199
3369
1232
2970
1737
854
237
2772
2758
3975
4056
4834
2187
1453
816
3956
48
3293
1486
2550
2976
4564
698
4593
1343
4294
1637
3506
4948
1447
4212
4385
3650
719
3568
2676
4195
2880
2780
31
1942
722
4297
3969
559
352
3783
3215
4815
1153
2
4184
3566
4511
1388
2378
2882
603
120
1370
2894
4177
2088
3401
2266
1220
936
1441
4298
2921
852
2856
1729
2706
135
3277
2759
843
1354
314
55
437
271
1529
894
294
3691
2866
1877
503
4685
2252
3320
4400
3147
4406
3894
1376
4478
4416
4587
61
310
798
4499
1306
3744
2450
1999
1912
1247
3553
3070
3622
2076
1977
3533
4145
3785
2910
3408
1760
2012
1010
923
2592
1091
2234
3443
575
1851
573
3266
3759
2664
1982
3530
3336
4926
4366
1833
2442
4460
1762
1332
3440
3454
3437
4503
2825
2471
1994
675
4397
4890
3527
893
1106
870
3274
749
487
1262
3785
3831
4934
594
1938
1578
3405
3581
3676
4461
1011
3952
2408
2988
4379
4202
4081
2506
3229
3305
2769
3343
4955
2217
4431
4973
2058
2334
4854
700
351
813
4309
885
487
1236
4524
466
3682
2366
1089
2634
790
4134
1177
4200
833
3145
4940
2167
3959
1757
1819
721
1873
3417
1120
448
4523
2661
2349
1849
71
2080
4141
1384
4822
1671
4600
3832
2556
4917
409
3811
3085
2595
1771
924
539
1325
624
3434
4779
1774
556
3410
587
3370
1484
3599
4478
1354
4553
1927
686
198
4842
375
2217
4487
1141
178
4133
3429
4134
3461
459
955
3542
3814
751
4646
1517
1771
2937
1996
2216
3425
4479
3700
1200
4488
2084
1661
2481
4404
289
2348
1204
447
1546
4728
3890
3384
433
1096
1014
2444
2497
4511
1765
3967
2682
1096
1333
4972
892
3163
1621
3995
1788
4850
4713
3606
2669
1331
4193
79
2147
3452
2002
3990
4744
24
120
1935
4765
4331
4536
264
1617
1603
743
4572
4433
2143
909
1399
1252
3704
2786
4802
2052
2231
4338
4900
4456
3410
4591
2260
3243
1649
947
3773
3778
3009
2317
1901
2461
2926
1889
3251
384
422
1155
2486
940
2114
1281
2341
2986
2069
2764
3276
4492
523
932
2267
2892
2339
1122
4039
3046
1222
845
1163
3746
1502
3896
3585
3848
3671
3094
4081
507
2759
363
4474
4347
285
357
2681
4700
913
3978
709
3407
4534
2789
4431
4540
4295
3009
3615
2012
4057
2703
4094
1510
4414
957
1998
1370
3128
1409
4123
4530
458
4442
4365
1781
956
561
4202
2660
1543
635
3652
2886
3300
3156
2260
4110
817
3827
3087
1679
4801
3361
1277
4248
149
384
4059
4811
3099
2614
3228
2115
778
4785
1358
1742
4969
3465
3877
42
2300
1633
3309
533
2486
491
2058
3500
79
3533
16
4688
34
1337
3878
895
1241
1309
3112
2659
187
1890
4140
701
3696
3168
2494
1950
2442
3586
3280
4259
1771
3202
1352
3543
4405
1619
1828
802
4271
2858
3995
4846
2716
3028
970
3875
4114
4118
2832
2016
1143
4345
3983
2542
1302
4607
1960
2732
2467
2931
2980
3139
4168
2731
2040
3212
2074
241
112
1932
2362
1464
1701
4462
1039
3413
1692
3447
371
4467
1769
3504
4378
3036
1525
4106
4946
2663
1250
4664
4626
2362
4018
3373
1888
4138
2426
1179
3389
458
82
1752
902
3023
2623
522
1093
1423
60
3298
427
4243
3626
2147
1655
489
2219
1897
985
2728
1342
2882
2341
2189
4072
1847
4799
153
1217
3893
3445
1021
3292
379
344
5000
3011
3759
4068
3225
4268
9
2557
3079
1852
2935
3562
2470
1358
352
1913
4518
4773
1404
818
2043
738
845
3879
3702
751
2931
1771
2738
2842
4873
1558
1215
2456
3644
992
4799
3571
2074
4112
4689
1496
1737
1167
3403
4450
980
4682
2698
2881
2818
4274
3793
52
572
1452
516
855
3909
1568
476
985
536
3352
4833
1159
3914
4849
3792
3854
4576
4590
2538
3726
1498
3177
25
3554
1382
1733
2612
2422
3119
113
1806
2200
219
4207
390
2594
4636
2779
1928
2664
1413
1047
27
2874
4096
1101
2664
2663
3752
4723
1192
569
3900
3264
3201
1159
2515
3417
4445
2030
933
73
515
3292
3137
826
2397
79
4718
3196
2406
4448
3078
4533
3419
1778
2278
3780
1292
3761
2864
1759
2653
190
805
2309
2963
2121
3400
3648
2841
3797
1737
2435
3711
4493
1188
1740
3777
3283
4054
282
2136
4306
2972
1969
1205
1686
4438
1368
3890
255
4091
1111
3072
613
3835
827
2561
1234
3479
2370
4143
3853
2148
662
3692
4774
1237
533
1398
2367
4271
1169
4038
4140
3661
2344
3815
205
2456
2869
2016
4647
2745
4320
4146
2740
3495
3395
3865
4973
4596
2315
2873
1013
2961
396
1086
4476
3665
1918
3085
140
3390
4424
3595
4643
2919
2854
4223
3368
2874
4565
2580
2038
95
1325
829
2329
3055
86
3486
1851
159
2390
3197
709
1039
2164
219
4315
3642
3997
3473
1423
4573
4576
2165
2280
4362
3647
2346
12
2324
3180
2479
4753
4617
4677
176
2725
3435
1610
4971
3891
1746
4695
1265
3900
355
3505
4710
4515
1365
3025
912
3784
2995
705
3936
2229
2059
3016
3290
2579
2472
3568
590
3259
3255
1094
174
321
4987
2575
4661
1899
4175
439
2110
3942
4548
3396
1075
76
3140
2816
830
2067
184
455
3786
2320
3716
239
4407
311
3700
1905
837
2692
4869
3758
2528
4246
1407
2953
556
375
2873
4268
1624
692
1893
4065
2510
4504
3462
1307
4646
2793
2173
3478
4653
360
4598
2962
2754
4642
4787
3289
4378
194
1378
3166
4250
1175
1532
2141
2355
4375
3421
1006
1211
3857
4644
4674
2610
1010
4521
4267
1081
891
647
851
2077
2727
806
256
1150
4076
1175
1736
2323
378
4572
2131
3941
1391
251
723
4640
3602
1070
3796
67
2043
4773
534
2733
2572
3026
1078
3695
4878
2117
767
954
4050
165
3541
1143
3631
685
1184
360
1574
3933
1945
855
1039
4599
2763
4405
109
2599
4836
2298
1922
2408
3962
399
2446
2068
3072
4514
353
2080
754
365
1508
592
643
4910
2559
4634
3367
3479
4505
137
4711
2805
574
2738
3448
1233
2538
4632
1942
4499
2245
1688
1900
2068
3712
4410
4768
3466
2116
4634
3197
773
3679
1356
552
2823
2337
675
2131
3998
305
2021
4720
283
2818
2346
504
3468
4073
4379
4773
3449
3128
215
2114
2958
1033
1734
1622
2130
1466
2739
3130
2317
286
2493
2315
2998
4270
2524
3404
440
3220
3059
4049
3722
3628
4791
4920
4360
1362
2302
2631
3004
1125
4100
1833
2218
1566
2909
4531
4957
4835
4110
2661
1951
2909
932
3128
2181
3300
786
2903
2897
3098
3930
4886
2335
338
2338
3519
2321
2769
4898
3497
1431
3563
738
2604
4961
477
1670
1009
1626
4479
4765
1008
2286
2709
4972
4863
153
1383
463
1666
4234
1039
1436
132
2223
2075
4909
4420
2976
4161
2423
1212
573
4620
1104
326
2732
4166
3847
4575
163
4019
1596
4771
4154
783
3609
1391
2722
1514
728
3290
2719
3627
4546
3255
2557
1593
2553
275
2011
4134
3585
4397
816
1164
1966
4293
30
439
3037
2533
2176
3127
4961
1289
2644
553
4992
3784
3726
8
14
621
3730
4395
3888
3828
643
3491
3212
4217
878
1152
2470
197
4144
2466
4758
2902
360
2561
317
2629
1935
4621
62
2026
991
2070
4110
691
824
4631
758
4928
1020
2682
391
563
3949
3752
3441
4618
3696
3336
4569
3235
2610
460
1667
3673
4937
2380
573
3232
1519
124
411
1793
373
4597
3792
2530
3320
1983
2029
1645
1210
4733
2252
4642
1568
2318
1601
3828
724
2674
1005
1771
4012
3674
2012
1707
736
3209
1499
4453
535
2287
4758
2704
3534
3501
3319
1026
4435
2684
619
3501
1847
1546
2386
2945
4959
1958
4210
2958
2064
3370
3273
2664
397
3993
1424
202
1638
2867
4946
478
1403
1615
3658
123
1828
3804
2492
4619
2954
2338
2908
4874
2455
1821
3497
3118
3071
397
362
4013
714
4903
2905
3110
2943
894
3885
380
1549
938
345
95
2832
652
2049
2188
1211
3644
1718
3602
1389
180
3645
1679
2957
3124
369
254
4355
4349
1252
3052
610
1548
212
1656
598
3983
4239
2160
4050
3205
4567
2957
135
3067
1273
4480
2943
1345
1845
4631
2812
1918
3541
252
519
2017
340
2612
971
4067
2090
3292
1556
2482
839
1033
1436
86
1388
1339
2022
6
4872
2177
3455
111
4926
1945
758
4284
2129
563
2885
4270
370
4984
3217
2384
1170
3870
3264
3809
2909
2991
1403
381
889
2157
957
1292
2594
1060
2185
4376
118
1975
4796
4461
2750
1218
4309
3308
3454
782
4552
2539
2648
1044
1607
969
2848
1001
4849
1861
4367
4254
546
3473
3967
1273
2680
4295
2215
1838
18
2997
2921
2518
3011
175
2700
232
489
4092
4828
4035
1122
1796
4633
3731
1563
4788
4802
2235
2881
3516
4132
4265
3671
2854
4247
44
2324
3925
4361
2799
4301
2690
4224
1822
1811
2613
660
2662
1974
3199
597
3775
1785
1826
960
3563
4324
3925
282
2085
163
2055
3309
1647
2986
1796
3271
4663
918
1234
796
2647
4488
2345
2659
4962
279
3387
3614
1935
3104
3499
234
2073
289
4129
4713
2260
1913
365
79
4288
688
4921
2271
232
3700
198
4467
2034
169
4947
1638
192
1245
2510
2022
3796
3025
575
186
1041
1825
561
4006
478
1269
2511
2447
4645
3038
4081
3696
3699
701
3703
1743
4499
1979
4605
3021
4621
1099
2526
4814
2464
2996
2744
3069
436
3723
1413
2160
1318
445
1838
3336
3711
2320
2533
3434
2530
335
2959
1244
1399
2963
2387
2870
2456
4801
1776
4970
3370
3488
4194
735
4895
1011
2678
2264
751
2783
2348
516
2822
1764
520
2407
4640
3556
2868
2947
4651
2146
435
3149
5
1385
1990
1435
289
3395
730
902
3810
1628
2795
3105
798
1733
4622
4233
287
896
3042
1239
2349
709
1617
2697
639
1754
2986
106
2307
2899
1125
2319
2931
688
4380
4341
3599
765
140
1077
2020
1174
1682
215
4657
1057
2301
2825
4799
238
2475
841
4151
1962
874
1916
1584
4987
1414
4515
4428
39
4036
3559
2046
3197
319
4246
4360
4975
4365
4894
1674
4652
607
395
2516
2157
540
4905
528
2727
3543
484
1837
2195
2990
159
415
939
3974
2125
3037
4036
1695
4089
130
3905
3943
1815
8
1510
2298
3508
2928
4854
4384
4953
4182
2181
4242
1081
2286
2631
4448
3655
1393
4459
10
4464
1771
650
263
769
3040
1007
1371
1340
2900
2620
4922
4465
2609
4234
2215
4883
538
3929
1610
1795
217
2364
3911
4633
4602
1900
144
422
2014
4904
4402
1000
2351
3307
2881
3206
1675
1571
192
1230
933
854
3558
59
4106
1680
1385
4652
1897
1792
2583
1358
2853
404
1843
1421
1465
3469
1235
4455
3213
4721
318
4004
519
4748
1430
2090
3907
2797
925
3031
507
1965
3847
2248
3990
899
2083
3453
4851
4806
1304
4626
1139
4338
1406
1279
1990
3739
3683
1768
1579
3088
1613
3400
3438
811
423
4291
4124
1176
3004
3327
2284
2106
1516
4874
444
1977
1824
4781
3006
825
2473
1689
4840
3117
3940
4371
788
1453
4219
633
4628
1721
2144
2421
3443
1386
4477
256
2951
600
3636
4459
388
4705
946
1883
4594
190
4995
4802
889
551
4457
3254
4793
4963
1161
142
2965
916
588
2014
1631
3516
1129
4234
4262
1307
3366
3820
4335
1953
2058
1394
3849
2072
1371
401
4143
1018
1687
4355
383
781
4996
807
1145
4516
570
57
4170
995
2830
3971
2362
4553
3202
2327
232
101
2901
1929
2598
4109
328
3857
2354
3137
1175
3037
3324
4526
2472
3319
4742
324
1822
2278
2640
1215
1350
3833
502
3328
403
4469
739
98
3435
3404
1331
532
4434
1181
2204
1572
244
4031
2765
3403
3059
905
4921
1140
4297
4433
163
1267
3255
512
3731
2841
2819
1182
3684
3836
2759
1975
1449
4835
3072
2482
4031
3925
3938
3262
4665
4550
4331
1644
4366
4931
3588
2727
1377
239
2199
157
592
900
4966
4479
3534
4425
4373
1614
671
3305
1453
3654
4441
3940
4241
3061
2728
1272
1057
1131
400
3496
2164
2132
3798
4566
771
4749
334
1828
2001
1967
685
3629
4280
1351
3439
3769
354
1344
102
4712
2472
1437
1815
3785
1857
1852
1266
2330
2829
647
3489
3062
150
2633
2618
1375
4324
4707
4670
1424
673
3658
3748
357
3746
4762
2349
4228
4222
974
117
548
1750
1817
2832
2630
2321
2384
4071
3119
4927
2175
347
3994
2721
3106
1112
556
3884
2863
3565
4435
3544
2168
920
1878
2706
4840
2929
4953
1102
4181
1
602
4338
1908
2836
4776
4067
4292
857
1937
307
2725
3851
2942
656
3189
2249
1796
4713
3546
3388
226
2124
844
3907
2294
987
1771
4604
1929
4310
2548
143
4132
3826
3411
4461
4193
3056
42
3404
2534
2708
2779
1939
2797
564
780
4366
4335
2222
3086
4550
1465
2939
4113
1619
2144
2528
1381
4721
1145
494
1218
935
4740
4263
3879
3863
4698
24
2092
3272
680
2344
4426
3798
1283
2789
3656
3666
1606
1975
4867
3485
3251
2748
4964
1259
3151
2775
240
188
1880
3908
678
2901
4582
3769
1329
2546
1914
1332
3822
2026
3478
3056
3825
3174
675
2459
3398
3656
3600
1134
2234
4781
1728
4407
4629
4575
439
1104
1735
1467
1624
2180
2204
1671
2924
2175
3241
2655
998
3914
4101
4689
1398
1208
4532
712
4225
557
3710
3141
2583
3231
1484
3101
4788
2910
194
3785
3912
154
1775
1545
4362
1596
1847
4077
3529
709
774
4004
3484
2946
215
102
204
3211
2847
359
68
1764
3962
3177
355
1411
156
305
3015
3215
4765
3888
4772
130
4430
2739
2201
1739
4198
3444
3601
2452
2088
2271
3125
3334
2653
2124
3106
4519
2389
4706
73
1785
1819
713
3732
173
210
1109
3955
1220
752
2260
1626
3398
929
230
3386
3811
4602
4061
1391
2503
3832
2188
3599
3520
134
2998
1986
1037
1321
1637
3419
4847
3509
3493
2303
2002
4480
3634
1522
3515
3888
3813
1011
4228
1423
3118
3949
2289
4243
3863
1170
577
3331
4786
238
3303
2249
4639
2829
4978
515
149
1192
4094
4015
4461
232
1158
4080
1045
780
166
341
1260
1385
3208
1611
2055
2559
1648
1713
84
3919
169
4217
4756
4221
4482
4940
4461
1601
3678
4797
1285
3878
342
3865
4560
3052
2859
1685
1546
724
4870
4528
2621
2893
2500
3356
4186
2042
956
515
1970
4577
1239
4515
2726
3592
281
1304
4518
2625
2808
3607
3000
215
4386
3720
2974
2771
2774
3324
3898
439
1173
3402
3789
1977
2394
2375
2362
1901
4846
1538
3487
4674
2437
4840
4569
2986
3211
4365
