2387
5930
2872
2548
4577
4888
3216
286
4434
4863
5399
1661
1967
5634
5215
355
147
5100
2058
653
4275
3027
5424
5568
5709
1805
5743
3373
933
5840
189
3392
79
2237
4026
3624
4945
2460
769
165
5828
1252
4716
5806
5360
565
969
3744
2828
5706
4817
2564
4200
3237
2092
3352
4650
3142
1980
1957
1715
312
867
972
1621
1964
976
3320
3244
5701
1624
1443
167
2951
1680
5752
3967
704
4537
3732
2169
3020
5217
706
746
584
2479
4792
4582
1775
847
5475
3350
1794
3214
2637
176
3587
674
909
3634
612
2595
504
625
5862
2171
5835
2097
4878
794
2709
4660
5705
4688
3309
2738
2542
3975
731
3356
5029
5557
1805
1409
5395
3726
4313
5722
2170
3773
1999
5054
1192
2253
3385
4506
568
3783
4350
4910
3759
5988
743
5667
1912
4480
3397
3000
4615
4819
1768
365
1299
246
3113
5765
816
3491
5118
1154
3207
5777
4254
1572
5996
5480
4770
3762
4530
5122
4548
227
2986
3739
3721
3760
3178
2469
4507
1526
4988
3776
5440
1821
2126
2722
1718
5855
3543
2210
5259
1119
5633
5649
4683
2945
5641
2684
2886
5759
1689
2337
594
5408
5000
3802
988
1655
4012
5312
5763
4986
4572
5236
709
585
707
5620
5477
3678
5194
3120
3711
1758
4921
1772
968
3560
3325
5030
1630
2349
2939
2243
7
120
5427
1952
3130
4033
888
4035
5125
5386
137
634
2590
2793
1122
113
3860
1984
5239
5555
2870
5612
3838
1563
5231
5724
3504
3718
3291
4960
1165
4437
1829
795
358
3136
3298
4622
4547
1167
2890
4894
3783
3361
258
1445
1569
2517
238
82
642
1
1249
1657
4391
2016
5367
5370
5452
1281
3041
5716
45
500
5981
3717
3339
17
5031
3192
4321
4345
2564
2350
1521
155
872
1372
2493
1795
81
644
2966
4405
97
5371
1944
2142
1141
715
5627
2263
5429
2101
1290
2766
672
4264
3846
1307
1640
284
5844
938
3078
4052
3068
1171
1550
903
2878
4641
4516
415
1629
3502
5433
90
358
312
216
554
5712
418
1255
362
1064
1491
5260
2976
3897
668
3518
4043
1042
4253
5242
3054
2727
2805
5448
169
1160
4953
1969
1923
5580
2736
343
4903
5808
3536
4854
3854
3903
2565
4936
4630
5578
2598
2298
1102
568
5814
5146
4539
2875
5438
182
182
5213
2935
161
3788
5225
804
4043
2352
5820
1317
1477
188
126
2661
2586
1060
5168
2845
4686
5278
4490
446
4006
698
3047
3043
865
2250
1813
462
3402
4751
668
595
3653
5326
1842
4207
4915
4186
5436
1010
596
3420
5896
3807
5692
1777
994
3365
1657
4438
2596
4279
3373
5500
4941
4534
5665
4813
2804
5638
2685
4549
1067
5922
5432
4995
4559
1837
149
592
5329
1443
1355
2205
4915
480
5268
4658
3654
1741
3141
4990
3745
803
5953
4045
3160
503
3783
1813
5249
256
2607
3146
780
751
2793
3853
2590
1189
1858
5948
2802
3337
1281
4721
4210
2026
3214
363
1065
4013
4900
3031
3733
3557
1575
38
1365
1788
2307
4941
1688
4007
4116
1873
255
2451
4958
1847
5505
1192
1392
896
4612
535
2220
2174
3702
746
86
5643
4561
5411
5063
5578
5403
5224
3706
3602
3044
3563
3075
185
3626
3613
3396
3561
1712
953
804
311
2658
876
5994
3363
1286
5271
5868
3260
2388
4060
694
5624
720
1828
5603
4656
4708
11
463
3803
3763
2239
326
1550
4746
1843
3551
344
1341
5962
3843
1580
4924
2293
457
5992
325
2903
771
553
3730
4195
719
4699
2202
1490
5033
1084
1305
5044
2472
2356
532
1822
1180
784
2892
2434
1289
5284
4031
5137
1743
2943
2280
3569
4403
1235
5002
2336
1077
1517
5897
1436
1005
1461
4265
207
5637
5298
5103
3056
3569
3485
5706
5645
1540
2486
432
1756
2683
93
4013
4313
5683
3960
1700
2265
4617
4336
2097
5923
5615
4591
5478
2106
5108
3659
5959
341
4496
1581
2443
1276
4432
1461
3514
3734
3815
2161
3248
409
603
4172
3432
2468
5265
565
564
3375
4790
5595
1426
5157
4652
4473
3848
5927
2793
214
4574
917
1227
932
2594
4295
3915
3330
969
5681
5435
4040
5102
978
5252
1893
5164
568
4998
3604
4328
3123
977
3212
2887
5976
4708
4292
2529
3459
4499
3168
4949
1653
3381
5848
604
4594
3126
2052
264
4277
2532
5382
135
54
1716
5978
2172
5819
2373
5760
4017
4940
1798
4166
5620
1754
4548
339
2372
2275
3665
766
1464
3951
4768
2118
2421
2828
5937
2941
3440
5767
275
1563
2687
1242
1643
1031
620
4898
2672
453
5869
4528
2610
2554
634
3367
3320
2796
2126
4087
1353
5412
3233
1691
4118
5627
4570
331
423
2925
429
1411
3350
1270
340
1060
2841
2316
3026
1820
5134
5027
360
3043
2726
1244
3424
4673
2771
3757
4588
176
502
5298
5394
319
2601
3091
3696
4036
2463
3371
4073
1740
3271
1301
5494
3183
2485
5702
1344
5887
5469
1472
446
4089
4774
2973
1621
1010
3965
3671
1602
2671
2797
1225
456
1316
975
4764
3325
5802
4710
824
4295
1451
2216
7
5191
3564
597
52
2801
818
1731
2681
3053
340
4270
5304
3259
968
4075
5805
5763
2612
775
3390
4467
1342
733
4686
2804
2488
1880
4192
2587
3027
4746
2523
4227
2742
2563
356
553
418
2628
996
1836
2716
1597
65
1103
1336
4618
697
771
5331
4015
715
1549
4542
5903
2089
513
3099
2175
156
1032
5702
3280
5855
2508
1464
2426
804
2720
5838
2191
5268
5908
2848
2507
4315
5892
1262
3465
5516
223
3147
112
5649
5486
378
3486
2978
5561
329
1707
1799
924
5095
4333
1083
224
1130
4438
4073
3990
2693
2351
4605
2172
2610
3767
5712
53
3825
1786
2888
4168
420
650
4082
3254
5668
1332
1158
5767
5170
1648
5915
2216
5384
4078
2393
5907
1388
5871
3133
1205
3470
3717
3574
5007
2126
2247
2925
1797
2149
5461
4083
815
5681
295
124
869
413
4930
2442
350
3921
1833
3925
1562
5935
1076
2169
2811
3684
5998
5246
1488
3623
3622
3538
5416
3824
3584
614
852
4693
2035
5164
4886
2645
264
659
3259
5688
4811
5687
2033
1913
4026
5715
1662
1441
229
3030
2745
3839
870
4309
1428
2520
4419
4133
4496
1515
1139
5343
4526
4122
112
3455
3626
5898
1766
3221
16
2508
3896
2546
4307
5692
2580
1894
2277
1587
324
249
3293
5002
748
3255
1709
3838
712
5292
3194
5829
5129
1199
165
840
5392
1143
5661
1087
5687
3750
3440
4033
2117
4073
5028
5311
4159
658
932
3376
182
462
55
1771
13
905
2404
588
4794
5414
799
5052
3064
1930
1278
5010
163
3868
486
5844
1590
5410
3329
232
1139
4347
2654
5427
1314
2643
4005
2957
60
5379
5775
4724
1070
1670
3629
4428
5324
3420
3089
2627
820
809
3914
2817
4729
287
5039
3285
4532
4360
2527
3051
2224
4298
4864
2000
50
3239
1993
1221
4469
2531
4751
3758
1572
4780
2666
1570
1077
1464
4204
2987
1519
2710
2985
999
1406
3770
4955
4530
5879
4450
5453
1567
4735
4605
2068
2898
1512
4055
2143
531
3297
175
247
3274
2120
4918
2761
918
464
508
3653
5882
1266
3388
5004
1187
3390
2438
5518
188
1285
5271
4072
3035
4328
1927
5491
2501
1216
3764
4746
5179
677
1242
4801
1660
5466
4332
1336
2653
2154
3635
4785
4577
1409
1722
4089
5590
1368
2807
3486
3978
1900
992
987
454
1295
3343
3276
3819
995
1833
632
4213
3363
4567
297
5124
2541
4638
1357
5540
616
2602
2702
1232
1428
1737
1870
1830
5165
585
721
4697
5229
5643
2300
2062
5391
4989
4145
1354
5290
4228
3686
963
827
4584
2962
3785
889
1412
3736
3441
532
2619
5054
866
2613
539
5050
3250
835
5816
5891
5994
8
5974
1197
3328
3525
4786
4191
1505
3065
1506
4580
1138
4880
5471
2285
4159
4234
1115
1853
3312
5891
2634
4220
4643
184
1637
5820
3024
493
3879
4948
3965
3754
5133
993
3430
625
3365
3934
5587
4953
3130
787
2049
1110
1888
2350
3446
1051
3472
4001
4584
5114
955
5507
4789
3541
148
5206
2506
5334
3116
2514
997
3004
4468
987
192
2931
4209
2290
2885
2863
5618
20
5903
3128
2256
4572
5494
85
174
2444
2314
1022
3792
3099
4353
5465
5391
1032
4314
5878
3760
4383
210
1230
4057
5879
2068
445
3602
2088
1325
3422
5705
4208
4570
643
533
171
4778
2149
270
4942
5610
4590
1353
914
3711
3252
5003
4753
5031
5947
5795
1359
3336
1094
2139
4517
4348
2216
3748
4750
1286
3043
5530
5348
4283
233
1669
374
4247
5421
4393
1839
5633
5284
5346
3596
4865
2136
4063
5537
2958
1820
1230
3850
905
5321
4186
5118
2260
5119
5403
1177
78
2381
5723
1343
2712
4481
537
2705
2216
1739
1942
5053
2557
3223
1981
3814
3723
4566
764
2424
210
2297
1752
2546
892
5517
984
4820
3199
5992
4867
2394
1885
3230
229
3628
3790
5066
1659
1742
2895
547
61
1226
5827
4172
457
2642
778
3011
3456
616
4926
4699
1859
1596
1683
621
4464
2528
3183
3268
4339
4176
632
933
4921
4784
711
2339
834
4861
5620
440
3842
1395
2441
279
2289
3735
1595
3818
439
2213
5477
2410
1028
1408
1302
4019
3316
839
3412
3499
594
2653
41
2618
5565
5641
5811
1256
4422
5954
2401
3706
951
451
1263
393
2780
3397
1794
892
305
4630
2084
4454
3100
943
1567
5128
3925
2870
3928
880
1044
3579
5915
5218
3401
728
4897
4332
4732
3781
4097
4843
3175
1291
1293
1667
715
4802
4362
648
251
477
3247
5
5878
4038
4675
5710
2456
4988
5289
1027
519
4754
1628
2527
3136
974
4176
3953
4783
4987
3552
728
3905
5488
2176
5988
770
4792
1182
3973
4104
4093
5529
2380
954
3813
4758
2297
2221
5675
3781
408
916
5161
5948
2547
4888
1646
5940
4387
4621
4091
4918
4655
2519
3860
2819
1907
784
3847
5289
248
3967
1423
1535
1435
4872
3386
2137
3918
551
1505
3635
2907
5137
5663
1229
841
3292
2044
4386
2008
886
5708
715
1078
1673
2915
2537
3572
5977
2
2662
4029
5331
617
5990
217
2734
65
667
3927
3326
3475
3375
5254
5726
4843
5378
2733
585
654
3088
5133
1959
1393
1492
3401
111
2783
3685
2601
192
1943
4552
126
2770
3509
2479
4558
4113
2564
2287
4329
3322
3185
3563
3837
5441
5353
5672
754
4123
1156
1227
3680
1700
1318
586
4469
4331
5979
4812
1230
3678
3843
3473
3663
2301
3725
2
5708
294
2569
2174
5729
1276
687
3367
4568
4121
1979
5414
5383
252
4283
5378
2625
2973
3302
4041
3530
5481
1810
2813
3955
5333
629
5910
680
2812
3703
4132
4
5065
3647
4452
458
4067
3752
3467
48
5384
4147
3578
5375
1784
3661
3909
605
4971
932
2041
5441
124
875
4009
961
936
2744
1732
5953
2605
633
542
4908
2428
4010
5871
3006
4643
1731
2701
1977
4271
1169
5734
8
1259
5520
5157
1230
3822
2590
5792
4763
5217
2697
330
835
1603
426
4947
2091
4912
2523
3582
1935
2348
5868
67
1433
4216
5033
1504
2052
1013
4357
175
2329
3003
5540
2584
3892
5934
1657
3210
5294
1345
1608
4850
1370
1641
81
1357
2249
5020
3607
5736
2600
3583
266
2196
581
3705
3944
3397
27
5584
980
189
1228
484
1695
3408
108
8
415
2860
3331
1431
2357
3793
3948
3469
155
1549
1453
3752
1719
5867
5897
1900
2684
1410
4169
2102
4084
1460
4977
4072
3607
188
448
4927
2857
4782
1232
5771
2683
190
1923
2179
3671
1820
169
673
4110
455
2494
4817
3296
2918
4347
726
3922
1353
4052
4420
4268
2231
4225
451
3677
1847
214
2591
3278
836
2397
3466
2547
2822
5327
915
4597
2640
1925
5619
1113
5787
2748
3282
4903
3208
2013
5104
4225
3941
818
5618
1971
5780
2233
3123
4092
1604
2998
2104
1410
5235
3896
5402
4886
2556
853
4320
981
4077
4363
1215
2291
2032
5230
1897
1015
4047
295
3732
1810
3517
3333
4722
1107
4769
2448
4073
4084
1317
619
1588
3827
4262
5485
1200
5091
5522
535
1680
3115
2872
18
694
829
3820
3142
2081
3842
1430
2953
1226
4032
2728
4348
75
3358
1643
4754
4555
5491
2804
5484
1662
431
1291
338
4352
4527
1906
5360
3509
5820
1576
521
1192
78
1786
5525
2013
5712
2053
5528
4198
1688
3654
672
4235
347
3463
575
3728
4773
4679
5580
4923
5670
1945
1002
3270
2182
1261
2192
5699
2894
318
1657
5468
4086
1517
2268
130
2639
3785
3375
5359
501
5143
3607
470
586
957
2651
5864
5273
2800
3610
3774
2895
3645
1108
379
5811
3778
1288
5502
3958
1636
2256
183
3236
3965
3869
5633
5984
5438
554
5620
923
365
3086
3141
5598
69
3923
5544
447
5127
194
3365
5379
3297
1191
4764
3896
3650
1167
150
250
5804
2840
1404
4652
1587
1311
2375
2154
2302
4139
3418
2131
4017
3485
4486
5258
4973
2977
2289
4988
3291
4038
5069
3351
5121
158
932
690
3333
4820
2848
5056
5603
1336
427
765
2982
3187
5038
2652
4258
2446
3961
591
2520
164
5774
4192
5601
5474
5597
4442
623
2529
3088
2253
1907
2461
2008
2419
5423
4697
1121
3924
4607
4621
375
375
5915
5527
2670
4075
2164
4653
4120
5655
1738
4053
2299
2111
1286
1211
3060
5878
5427
2506
2280
3447
1771
4615
1146
5615
1865
4619
5518
1410
5728
880
4020
4214
2214
4502
5001
4227
1415
2329
190
1278
3792
4415
1039
2201
5526
332
4836
459
2180
5272
4857
3504
4463
804
722
524
4377
2346
2537
4697
5457
66
2455
3423
5232
4375
3399
1808
5920
1354
2468
1649
5656
5907
337
1216
1384
5819
967
1672
5832
5200
5662
5085
5199
1038
5851
2849
1778
2918
3475
2678
496
3339
3886
964
598
80
5473
5952
4509
3063
1090
2052
1320
1782
696
1716
2302
3832
4591
3753
5787
4405
2697
3559
5419
5051
3473
3007
4759
5916
5605
4679
609
4197
5230
2692
341
2863
3937
255
4087
3216
2067
4600
5659
1875
3599
5987
2185
5474
3265
1681
5809
3285
4092
948
5598
5792
2438
1912
39
2969
5307
4966
5172
5791
5947
5554
2784
3001
2556
4566
4364
4892
3151
5388
1293
5838
4816
467
1305
2170
4072
4795
4445
104
1116
1651
1349
369
4009
2808
1624
2506
2720
1624
2440
4919
2022
372
5832
3552
2386
530
5364
5688
3998
4522
2898
899
5751
5158
3951
414
3496
5544
3030
1515
5872
3424
4782
950
5152
686
1152
1294
3897
4064
2394
5978
2769
5923
2779
5374
83
1774
3903
5361
2215
2386
4115
2268
4652
5568
272
5116
2826
786
4372
5600
5593
1527
2159
3311
4115
156
2578
2003
569
991
3975
348
5958
1599
5514
645
923
2664
5973
5157
2132
4545
5504
1056
4275
1106
3148
2037
4220
1492
5639
4596
1240
2098
2973
5011
5259
1126
3961
5197
1157
4934
235
5515
568
914
5413
5656
2237
434
3821
3234
497
5657
4546
399
1183
3338
2472
4778
2893
459
1009
5141
5596
5385
5265
4138
188
5868
5822
188
5134
1979
2052
3883
3294
3740
5580
5828
4575
4228
400
469
749
5702
2414
2580
4008
1766
2535
288
261
3113
1894
2397
2679
2913
353
5238
227
3334
1041
286
5934
2203
1817
3042
4059
2081
1301
4395
3265
1894
5437
3571
3974
4207
4984
4421
2244
2579
5108
1101
2502
3593
4209
4291
2830
2287
1125
4299
1790
3262
2907
3608
5518
146
4738
1227
1331
5827
4035
583
1838
4959
2020
2507
2930
2641
733
3472
3004
4446
1288
2268
1397
7
2939
1812
5572
2093
5914
1037
337
460
5128
2458
1526
1056
1356
1652
3109
2937
3704
693
4160
5270
1255
1739
4061
5195
5026
5570
3672
4996
1120
2173
2067
5876
4964
5733
4404
5507
2408
2212
4629
232
1828
5011
2978
3597
1643
1270
2235
488
2364
3008
1541
3077
3393
5326
483
2692
1686
4866
4269
1814
3857
3475
1488
5573
2231
5852
3689
5274
2634
193
1948
1201
4680
5282
3984
4416
2842
1903
3938
5881
3690
592
3661
5847
2366
4464
1837
3970
3514
1386
4105
877
2648
3138
4429
514
4939
2173
4772
5860
1204
4065
3202
1392
5198
2109
2078
560
1775
4146
686
2554
505
1430
679
2580
3477
875
5630
1679
3129
2025
2264
2680
3892
1900
2639
1742
4139
22
5467
4003
5440
4013
5899
1430
1283
450
5787
844
4883
479
5717
5635
5135
1931
1535
1452
4100
2606
3175
3394
2252
1316
4547
2754
255
1225
4250
4712
3569
2157
1363
2663
5304
3881
1826
2520
3008
2311
1176
816
2250
5663
4280
28
5432
5934
3192
1848
2166
173
5312
994
4066
1435
937
2456
3791
3996
4679
3300
4871
3647
2139
595
2055
818
5573
4352
953
4519
4886
89
302
5979
1036
3158
2208
5112
3182
3197
1659
4262
91
3711
1251
4603
1403
1520
2611
708
5484
5764
3547
721
777
5780
607
5984
3592
3164
5293
909
4755
5356
1828
3881
1850
2248
1838
2283
1029
4760
2586
3927
2073
3702
5399
1666
5916
2136
1216
755
971
4611
870
3564
4121
405
623
2397
1892
2344
1944
2472
1315
531
1017
1676
366
5511
4022
4403
1204
5727
1278
4935
2142
4852
4301
2428
456
1622
4963
4204
3998
2950
2969
3308
2798
5881
5965
296
5061
3483
818
3395
391
5712
765
5879
5135
3771
2252
3109
636
4206
1693
4294
3796
1928
3892
2588
1449
1187
4250
3725
2906
2862
3178
4100
334
5469
2778
543
4175
365
667
686
1391
4431
307
4379
4771
5659
1921
4014
3950
264
3144
3146
5673
628
3049
791
2269
540
5578
4824
1904
1760
5973
5906
4735
5301
697
4254
5032
393
197
5616
3948
3001
1957
100
3620
5688
1982
2140
721
2726
4225
3949
87
4580
3457
5517
3178
3523
2739
3936
5676
4095
1150
1968
5859
1086
1700
420
1175
3499
2634
2037
2692
2602
5216
2877
175
5520
2716
2775
1872
2883
98
4554
1473
5499
2309
5762
3292
5637
3677
1664
4409
1894
1707
1010
2464
4206
1676
637
2085
990
1119
5469
4407
5231
2571
5617
3876
3530
3400
379
3597
5376
5221
17
2758
5430
4505
3536
1429
3298
2132
936
3662
2030
513
3589
2973
940
5143
5465
2596
1112
1092
3094
5552
1334
4998
5096
3593
4591
2499
2493
4974
3931
5071
3025
3819
1637
1605
5032
3899
5577
19
4728
4100
2844
4558
1264
5323
2356
726
5615
2497
4161
5888
4097
4088
4418
4278
1311
4940
437
2860
1879
3869
3763
359
572
4746
5006
1466
3993
3271
2653
3089
935
2463
3893
3600
1102
4711
1586
3335
5593
4453
1280
5860
1377
2134
4244
4014
2903
2607
5348
845
2290
2783
2597
2868
4694
70
4205
4097
5680
2422
3020
4430
4864
236
4855
4823
3092
907
5452
1866
772
3221
2749
1865
1739
2513
5422
167
3115
4786
3859
4387
1356
1956
1753
2756
630
5120
2622
4595
1232
4677
4841
4117
4362
1236
2631
3269
5454
168
2344
708
4818
5898
66
4580
4291
1885
5188
1047
5818
3400
4048
4274
2611
5387
4141
5729
4989
512
1621
5429
4562
1205
4782
3827
345
1663
1966
1153
337
3097
1119
5020
3476
2115
5537
29
3178
5293
3141
177
321
1873
1760
2348
3522
3808
4597
3076
5942
1697
588
3468
458
5217
1029
5047
3498
2596
5215
2900
4357
3073
4526
3937
5603
1504
3213
3218
2784
5754
5893
864
4700
4356
5594
2511
794
4193
2274
1163
4712
540
2828
3726
5997
5980
2896
954
2992
306
1763
956
3661
4966
5317
3735
4582
2730
3008
3031
141
3571
3209
3953
5533
4517
4594
5677
4543
2421
3777
3533
1395
111
4909
4028
5536
2364
4209
2716
3912
5740
2038
820
5207
1452
3876
960
4644
811
3030
4272
528
3327
5837
912
5049
3613
4660
5991
2225
3351
4128
5338
2284
1040
1884
4527
2280
2834
1063
1966
2705
3329
828
2429
1507
2065
4249
232
4411
2977
1628
2455
2715
3462
2935
3795
5893
792
1076
123
2719
811
409
5297
2253
2992
3927
5251
4129
3188
4245
359
4823
4411
384
3851
4427
3024
2761
3233
4309
3203
565
4478
2238
759
2209
3275
388
5123
2174
1594
5950
3500
2811
661
5716
5118
1035
2865
3879
4936
3069
5986
4142
535
1717
385
2133
2265
494
493
3850
2990
5376
2844
740
2767
1899
5352
1869
2981
3213
3174
3576
1978
3338
3068
934
4205
2130
330
4340
2526
184
5554
1018
4999
4761
1273
1581
5560
5432
5522
2316
3487
145
5793
3434
2624
3457
264
2744
392
1453
2335
1776
2095
110
4902
5953
3839
1784
527
5045
4111
4542
4166
5151
5023
3902
3319
1109
1716
847
608
4314
2849
119
1881
2888
4931
925
1293
191
1249
3331
4496
1975
1596
994
1034
1373
260
2468
3221
1118
3334
3859
5874
4717
5806
4414
3959
5585
1504
404
4064
3288
2132
2937
1349
58
3058
1928
4505
2997
3059
2237
1541
514
5294
3874
2518
4013
4945
1548
3984
5801
4810
1513
1305
5408
4352
640
3602
891
5965
5938
1647
3521
5471
4262
1392
2224
3661
3144
974
100
4446
4587
4349
5723
4567
3518
271
2055
204
604
2239
293
3420
5799
1642
1598
1236
4582
185
3437
5810
3754
4299
36
2900
2377
5135
4155
299
2783
3896
1336
775
4463
3452
3120
1420
4401
3850
4595
1410
5200
1356
4281
5622
3984
2874
4626
4444
2307
5581
2532
1404
3049
4467
4909
5689
3089
3545
4401
4939
835
3191
3834
3238
254
4912
2607
3053
321
1632
5019
277
548
3573
3846
788
4537
4615
836
3445
3743
71
3032
819
1840
3056
4923
4810
5688
5803
1719
4982
2199
1310
2550
4492
5574
1547
3551
3510
4511
1354
1866
1715
4225
3532
5646
4913
2470
3833
1301
3563
3944
2238
3378
952
4018
1217
130
3524
3888
2419
5273
3981
4084
1542
2607
4219
3302
2380
3488
1596
2215
3
2371
2539
1303
3059
5969
1092
4189
168
1253
1657
5109
1786
158
5114
1078
3800
846
3910
1148
3446
3096
241
4475
111
2483
152
5454
276
1784
1703
3673
2237
3105
2640
1604
4196
2014
4617
5962
5817
71
3420
558
5456
5024
1680
1729
3172
2777
392
1282
371
4623
4992
79
685
1567
870
5533
1835
5006
3083
3621
5170
3842
3245
3321
5898
4286
3358
4804
2180
533
5595
792
193
4579
3718
3697
1953
5843
2247
5390
1786
1273
3186
2732
2522
4973
5041
5233
3953
2523
3847
1043
1699
5364
1801
2144
2600
952
383
1559
5696
3826
2373
1317
2669
5987
708
3305
3417
5258
1482
4483
5791
259
1867
1342
4791
3999
666
5890
4622
768
1974
3845
1890
2853
3487
3212
1925
2247
5858
556
5992
4923
3015
4118
2273
3221
3427
3360
2984
4868
107
4568
1965
1691
1671
1041
1658
284
3936
2327
1275
52
3825
2224
1214
3544
1942
2707
5875
558
3579
3733
5040
2476
3974
1729
2001
2924
3543
4159
5264
813
3968
3335
4591
2885
1023
1009
427
4685
1070
1303
5532
5706
2636
3628
2716
2989
5204
1198
1944
5500
2728
5401
5874
1625
5291
998
4389
4758
5848
5918
5726
2249
1316
2009
5904
1641
5717
918
995
607
132
551
416
2526
2058
3424
3127
2695
1158
607
5781
3827
364
4016
3268
2373
1728
1960
1537
3789
3243
342
4185
5746
5363
3353
4692
5617
2610
1807
4757
4916
1597
4182
808
1203
2944
4509
3261
390
52
4925
221
5332
3260
2716
1187
5224
5916
4507
3462
1702
3576
3048
280
5984
2428
4799
4507
960
4758
3118
1210
1887
259
791
2630
5741
170
5812
4768
5816
1982
5766
2279
2341
2137
2400
3122
5939
70
3039
2551
1034
118
1467
4988
5599
4960
242
3116
2542
3241
4783
726
5664
2505
664
4130
207
4123
964
2058
1792
5688
1210
4693
559
1631
1312
17
5225
3634
1755
5214
627
5939
3321
458
2504
3190
4852
2907
2645
5388
2446
3948
1825
5535
1187
2606
5328
2977
1884
2101
2509
3899
1014
1551
5447
4876
1904
113
4512
260
545
5827
2761
3198
2704
231
1030
5500
15
4785
4998
1696
1241
917
3366
830
185
4375
1039
4539
1712
5559
5520
528
408
29
4354
5247
4973
3175
1992
5906
559
1030
151
4218
4837
5635
480
4479
4105
5510
5348
4408
1473
1875
5125
2735
696
4264
2265
1564
1701
735
2640
1689
2089
373
994
3977
1249
733
2678
1339
3377
4577
745
2254
5675
216
1794
2827
5125
583
4603
1480
97
559
951
4833
5599
4501
2885
1109
4862
1449
970
1365
772
3333
811
1774
5977
4054
4781
4024
3930
3744
5262
2044
5685
5883
2689
4996
3173
541
1245
5864
2483
422
5662
1174
5675
2938
2840
3355
1240
1484
29
1794
5879
167
5236
3930
1160
485
3029
3222
3977
4785
2904
3546
3985
1044
1242
2369
2975
3224
2100
5995
4049
935
5129
767
308
3436
3003
3344
5094
2513
4574
2853
3533
5312
3887
2941
4166
5640
2781
283
366
4258
3118
1809
1698
1976
3793
4394
3321
3155
659
2215
3446
1363
3421
3601
1424
4828
999
74
835
1278
608
3279
1774
1001
3260
2867
2246
2744
5938
1149
4214
2535
2677
5576
2552
564
4760
1355
705
4355
4744
3265
3647
2070
2524
2452
4199
137
262
2124
3381
626
3262
1442
2082
371
4565
1946
3717
5369
2057
1526
565
704
2598
3909
3380
1507
3157
1040
3873
5025
3038
4476
3329
4531
794
4112
4674
1312
2988
5970
541
3009
5627
2220
5408
2793
1995
2969
2166
2898
2681
4309
141
5471
3937
5092
4905
4928
1541
5673
3578
4666
3538
2844
1808
3701
1385
5225
2067
4537
4346
4803
283
5886
2412
3864
2764
5156
4095
5550
4588
1896
1856
4120
3757
3662
5055
5401
3649
4871
4555
125
4367
1131
3086
744
3697
2031
5414
5861
1235
3611
2258
4868
5414
5000
4010
4143
3214
3163
2308
4040
4598
1964
1098
5523
5289
1945
1750
3388
5423
1906
2079
1635
5475
4132
2897
383
2729
3948
4947
5726
1965
1365
5779
3634
4413
1017
104
5944
1337
3826
1926
701
2630
5602
4780
1347
5186
3752
4036
921
31
2637
5505
1535
1921
5990
5277
712
5948
3525
16
5781
5337
5218
494
4601
1298
1110
3953
5130
5044
3391
1140
5429
5681
564
5255
813
5966
3372
3196
2580
4849
4071
1426
381
3584
224
1161
5852
4829
5792
3715
3991
5662
4989
2318
255
4539
3300
1872
326
5970
429
914
1132
5566
5862
1358
5992
2821
3083
1919
113
4102
3863
4375
4690
1766
3152
2236
844
4540
2214
2808
111
4909
1428
4615
4401
579
3428
244
2279
276
3201
2705
2115
3605
3025
347
4844
2987
1377
5343
3612
2565
5064
1264
3466
2847
3284
4042
1920
1488
465
91
2639
5272
2732
4175
4864
5608
1185
2375
4048
361
904
3249
3965
4157
446
4698
5661
801
4551
5215
4915
5863
3010
1529
498
1822
5935
454
5262
938
2637
4164
1345
1900
2540
1918
5789
477
5566
3509
2411
423
4251
1633
1605
2687
4399
2324
3392
361
2754
1297
1549
3715
729
2020
3652
3415
1464
2071
3297
5546
3949
5777
1645
3496
2061
1864
2418
927
1239
322
1986
4348
466
3652
3887
661
4174
4334
1495
2302
3889
1639
4237
5555
2450
5563
3302
907
3454
4924
783
3296
3823
2272
392
3348
1687
4343
1123
1237
2741
4934
2046
3341
1848
3525
1636
5656
4846
4462
2194
842
3695
4370
851
2886
3261
2849
3200
86
1352
4241
1747
4308
5826
1913
4222
377
2770
1712
4271
3475
3105
2856
1306
121
1667
5462
3353
3757
2051
1473
1441
3384
2519
318
3920
111
5974
644
3016
3936
2333
5222
1657
2840
1091
2777
2589
5656
4832
2128
5821
5896
2343
4849
4643
3405
4659
1665
4296
650
1272
2840
2282
4756
2251
1178
4128
4032
236
3929
1376
1847
3715
1452
3892
5907
866
109
822
2571
1514
1439
4898
5216
5985
264
4451
2418
4822
3861
441
5802
2078
5929
5510
3028
3056
368
4224
2335
5645
1650
4169
1243
3908
2400
4813
102
1796
35
3047
4037
1104
3
3181
2523
3589
4262
724
4208
3271
851
2238
5358
4168
2814
4468
5137
3347
2112
3704
4697
1321
395
3653
69
4645
3243
852
3887
4057
5722
3814
2713
939
3294
5709
300
3855
1458
821
677
1383
800
852
2684
2442
2538
539
437
2058
2893
3745
5803
4228
3641
1447
5748
794
453
3069
233
1083
432
3887
3691
5349
3858
2708
3815
5806
563
2893
1121
4453
2224
782
5483
3527
2510
4368
2186
4761
2554
5807
3684
5878
1228
5641
1711
878
902
2150
5589
5222
1724
55
688
1762
1250
2493
3560
788
379
4833
4210
3080
2028
4250
93
2341
5876
3316
1321
2112
4588
3898
1147
5480
1411
2063
2022
5001
3595
4605
282
4572
24
1202
3035
314
1937
4639
4870
3288
2473
3964
4764
1800
5815
5445
4156
4963
3076
1048
738
4158
1494
4965
4387
100
2825
5570
4380
5324
357
584
5092
3947
5676
3109
5557
1844
4833
5614
1095
799
3186
5903
43
2187
3762
2248
5224
4063
893
805
1752
139
3573
4118
774
3347
4850
4241
5686
3943
2933
2171
5902
1482
724
4875
2445
4106
3260
4441
5779
5460
348
1170
5672
3134
2611
1334
1896
5157
174
650
667
5273
2707
1018
4866
76
2348
2417
2378
706
5006
5580
835
4198
3633
3740
5180
161
3664
1245
3763
4501
5876
5105
2950
1629
3639
3811
1636
4044
5409
867
3700
2131
2402
1321
2196
1112
289
1066
4755
1318
1886
5463
1909
3228
1572
2277
5576
2400
5392
3647
30
4245
527
3863
521
4936
1393
5273
2283
5356
4538
4206
699
1459
1510
1982
5816
5220
1940
4774
8
5306
3603
4122
3713
3668
1186
2094
3775
600
2288
5423
4794
5056
5081
5953
5160
751
181
5437
460
3386
923
1884
5280
1026
4689
2833
170
5824
5631
2243
3397
3306
4487
4909
3309
4992
5409
4043
3227
1701
3193
1647
2201
624
4655
5950
668
2836
157
4763
2302
3575
381
2127
5968
240
3376
5810
3804
1065
4932
1247
4109
2345
1438
4405
2626
5647
3584
703
4725
5407
1403
5994
3510
5437
1325
439
3310
419
5960
2759
997
138
1684
4489
4888
1258
2506
936
915
3042
2619
2901
5259
4100
5099
3983
4650
4812
1243
5712
3996
1577
1660
1007
4237
5923
466
4860
4395
371
74
4666
1500
4655
335
3450
3897
1351
2680
4172
4453
4857
5225
5706
269
1733
1899
811
2670
3489
890
602
313
3671
1095
3467
3978
3654
3981
1738
3723
2694
3546
918
3748
5786
3127
3281
1756
2474
559
4426
4134
2967
5788
2782
1135
485
4789
4206
4807
3244
648
5290
1677
1093
5583
4065
4017
3623
5215
4623
4202
1338
2821
3176
691
2462
1062
2272
5481
3545
777
4095
4793
3124
819
341
4407
4811
4896
2373
4488
613
3759
240
5580
1913
2776
1256
560
2819
2430
5529
5326
2254
5629
2996
2469
1491
2871
507
5721
3281
2872
2281
4761
1615
3268
2629
531
2970
4076
638
1626
1881
2506
1105
3225
3937
703
5109
475
1800
2575
1725
5447
4781
4891
2363
3447
1314
2731
1441
4426
2759
2596
5890
2979
5938
527
2211
1758
2148
4695
137
4867
283
1985
5336
4697
5898
3236
3949
1833
653
2442
5749
4136
3984
3406
3513
3356
3224
1025
5916
3929
2749
1967
5074
622
3434
1432
1959
3307
5706
1118
4310
3270
5326
936
225
852
4673
2901
3321
4201
5321
795
5789
3622
863
3797
1320
2543
857
2193
524
4877
2394
2886
791
3962
3411
2746
4484
1421
5410
5828
378
833
3472
406
5842
864
4269
3809
4024
5002
2454
4483
525
1948
1289
4773
3033
1223
1812
4846
2170
4674
1478
1679
514
875
3771
1170
2950
3878
4850
4772
1562
5284
1251
5128
58
1431
4220
2548
640
1833
6000
3121
1788
1794
5655
3995
4477
1306
5714
4149
4361
1177
1540
766
395
982
3965
5527
3194
5855
3646
1693
4378
643
4196
5109
3740
3334
3089
1685
4438
5521
4907
1026
5238
4518
3523
5713
5646
4270
5661
2862
24
248
5518
5885
3081
1824
2457
2530
24
4486
3749
5142
5483
4068
5400
1408
1436
2376
3142
4133
501
5928
4700
3327
4312
1794
2479
5165
5889
166
222
5683
3634
2138
4019
5012
4491
2301
1371
1554
5377
2692
4037
3399
2868
1970
3542
1127
357
122
3951
4695
3359
2728
672
5078
5491
1636
129
1787
3250
1207
1291
2719
1956
4642
3517
3559
3910
33
5142
1513
1941
4113
4663
5941
469
5638
1956
1479
4404
4455
5482
4787
1307
2726
5161
5411
5303
1655
4671
4133
5935
5997
4709
1275
581
1946
2437
3974
2440
3114
518
1912
2177
5527
2760
903
426
3702
907
508
2311
77
1572
3505
2618
4022
4546
801
441
1344
4897
5728
5636
5777
4190
5377
705
1127
1614
5079
200
3849
5447
2414
2935
1383
1399
193
1290
4391
4313
5613
3269
2229
4998
5354
5216
3535
4083
5724
5800
1355
3529
5402
5235
1581
1043
5794
884
524
4488
5029
1732
5210
4298
2405
348
3084
3995
117
2750
3895
4415
3746
3403
3510
5603
3542
1559
5005
5285
5573
2564
2447
3191
2060
4527
3750
4508
1411
3612
3027
1514
534
5764
5957
5377
1625
661
2389
1753
759
1032
2784
4628
1135
1129
295
412
440
2612
4564
458
4906
4323
4756
5436
4285
943
1557
2545
4624
1992
4177
1853
1772
2271
3032
2275
4917
2448
907
4413
1167
2797
3108
1809
4461
1871
2897
104
3885
3209
5095
4582
5119
5170
1001
3503
1763
4791
4024
3395
1150
2971
5609
1943
4957
2818
4505
1416
3727
5745
3773
181
4983
4013
5823
5887
3471
2993
657
5422
217
2544
1333
5178
3973
4785
5605
3752
527
5188
4228
2299
4096
3677
4847
2199
499
3315
4791
2493
4850
5991
3021
2565
1179
4427
4323
1877
4937
2223
2219
2993
2906
3090
1001
1173
4914
3074
4578
2798
1418
1223
4858
4478
2406
5172
1065
159
2089
2724
2132
4283
5960
2777
5428
117
3540
3765
5706
1435
2640
2496
2623
3912
30
5232
3540
3293
492
3691
2941
693
1716
1728
5207
4524
2546
4386
3358
3811
2331
5924
1556
4656
1295
2884
2459
659
2367
977
3580
1076
4926
5733
5185
1153
1406
4684
807
3877
5197
4689
1714
789
1473
5762
5636
4558
4262
1578
739
4540
1512
2472
2848
4062
4936
5801
4436
4438
250
1612
4933
2431
5405
1807
4409
617
3981
2490
4260
4142
4729
4225
59
1335
985
5204
5340
4104
5056
2236
4567
1523
1465
5896
4680
1235
2978
1848
2660
2536
4502
211
1860
1155
2957
5271
927
4761
5709
3153
5226
4689
4051
2991
797
4367
2084
549
3320
5738
5685
2685
217
1981
5903
5596
3001
5607
2133
2669
1159
3426
3122
4784
5971
9
4840
4039
1529
5930
810
2837
3083
1728
1339
5295
5216
4693
5070
2386
3158
5636
3433
3474
2685
3060
3653
2123
643
5353
2624
