351
2388
4478
4214
1673
1447
3316
1773
6306
5416
2155
3124
2007
3330
2257
4593
4671
3364
1395
6460
6794
6197
2070
2514
337
909
2277
1677
2374
4922
2719
5369
937
2814
4202
501
5021
5112
710
6856
3713
6206
1919
333
652
1037
84
1363
181
3556
5426
3210
2096
5103
2558
2088
683
4649
2375
4199
742
2211
3336
922
1591
4034
304
2002
1772
1010
6043
1458
3386
422
6681
6443
4431
3112
1220
3255
6176
5369
92
2349
2912
877
5715
4838
6443
3099
4893
3573
2650
5318
938
2402
5543
1003
4378
4950
5270
2865
6169
4171
3435
6523
1179
2219
130
5828
3050
5662
5757
3626
1269
1687
973
1476
3283
2477
2574
139
1598
5532
5121
3339
5080
5331
1338
726
1004
2671
2890
1166
1672
3366
1557
1275
6325
1517
2483
3045
2440
6148
3056
6677
2488
1187
6701
1955
5098
44
1234
424
4632
454
6354
4076
4359
324
4749
4386
2205
3515
4844
4415
6844
1336
3297
67
5786
3425
1310
2829
3494
6481
1279
444
4038
3019
6091
1489
1795
5834
4767
1053
6486
6827
5620
5728
148
788
6028
3293
467
2764
2915
2264
575
5814
5581
5948
2061
5385
1265
4849
363
6878
945
4880
5515
4743
1743
1118
5074
1640
1753
1221
230
495
4750
6331
5831
2291
6202
2500
698
3812
1933
223
1959
2673
4101
6804
1105
4108
2390
3227
5783
4702
5099
6253
5802
3969
6268
3612
2684
6600
6974
1357
298
6332
6832
254
5067
2945
5673
3130
6045
3065
1467
5795
2022
855
4060
6903
4913
762
4926
19
4831
3791
1912
5700
5094
3524
484
6788
903
39
1456
2386
521
3356
5366
5909
6543
197
1694
6452
6767
1309
22
6449
1217
1746
1638
2178
5301
6837
2039
4329
2611
3685
6838
5199
4868
3413
5961
4854
3841
3391
1174
6750
5877
4931
4624
2965
3431
2441
5130
3203
3260
1251
6047
660
1674
6082
6906
2159
4089
6159
181
3347
6114
1993
1973
5015
2361
5448
324
3689
4458
3658
323
5685
4391
808
1773
356
467
3486
409
1556
6088
3548
6756
332
6300
3084
1162
1488
355
6844
4267
1690
3584
266
3674
4442
2749
2268
3895
2001
6517
1733
6819
1335
6647
2704
1948
4770
5197
5853
2141
4334
3583
74
4374
5664
4240
3355
3079
5673
258
955
783
1662
2413
5001
5751
600
162
6475
3646
876
4761
937
6002
4646
5654
5160
3330
5869
6465
2746
3387
5102
5350
4960
3428
1306
5665
1717
6703
3954
4302
6013
287
5632
6129
1197
4097
6239
1763
2029
1144
1200
3893
1173
4900
5560
3847
3873
4927
3779
3022
2123
4353
311
4625
6779
4249
2563
1233
888
590
6028
3394
6270
2657
5320
4200
3259
3057
2149
6760
6521
6539
5925
2798
1309
1473
5536
784
5839
58
6941
4000
4207
6368
6923
1685
3247
5858
2596
5114
5859
1876
6863
2267
3344
6616
4495
5944
4912
203
5298
4240
2546
4308
5558
4112
178
5270
2039
6322
380
1505
2212
724
5982
1326
6236
3983
563
2837
1342
339
501
3408
6609
4691
2343
940
2793
967
3830
1670
3543
2208
4391
6211
3602
6672
987
3115
6831
2792
2038
6783
5569
147
3373
1266
6947
4790
1063
4832
5335
2418
4978
1186
2145
2567
4958
2569
2910
5708
6393
5085
3758
3502
4499
1087
4464
3714
6322
2750
2112
4686
2941
242
5141
6670
2370
3803
2709
5627
5625
5631
512
4095
2985
3717
4519
6298
370
2371
328
1345
6138
1357
2479
1624
1220
3929
6017
3199
2460
5119
5181
4920
3326
496
6435
971
5101
5691
1157
3088
3846
1584
1181
6934
2035
5327
2302
5795
3721
785
5772
1585
6972
4571
3228
6361
3319
6726
1441
2125
6204
4498
5335
3641
6262
3900
267
1719
5502
3767
5564
4588
2576
3377
924
2081
6003
5149
6855
3211
4288
2366
6519
5167
5718
2281
6732
724
5797
2589
1613
5117
3013
6961
3308
3208
3585
5051
4851
3929
464
6840
6266
5770
6457
1381
3707
51
757
2188
3140
6922
3735
6068
5296
1598
2238
3067
772
168
676
2355
3743
1349
1854
2788
1334
5280
3342
5786
4024
3259
6482
5009
2572
5751
590
6611
2063
393
3647
5302
5164
1508
2853
4421
4827
4279
1099
343
5918
6743
6004
6970
1125
1114
1233
6724
4125
6952
5416
2588
4539
4384
3610
1778
5155
1848
4361
3435
6508
1901
1739
3253
545
1157
2930
4967
512
4032
1412
4526
1820
5222
6964
6698
5434
2313
53
1475
3203
3099
6364
4666
6
3405
3164
4310
4259
5068
784
3532
3579
686
4485
5154
800
3919
6730
2193
5806
2836
5966
5041
2086
3630
2690
548
361
109
1303
553
1670
171
4142
6351
4087
310
6412
2856
2650
5473
1256
5370
3575
6072
3891
4584
1105
111
4238
1775
576
5327
632
5239
6874
151
3095
6320
2037
4324
962
2886
2927
5239
4334
1245
6730
2784
2037
3698
5073
1527
1018
274
3045
1523
4141
3250
5513
5526
4055
4868
6721
3799
4729
6979
5904
3719
1974
3095
6511
1798
6237
6334
4387
1137
4741
2253
6995
788
3798
4607
6381
2144
4643
1960
271
6611
2924
2835
4956
2327
6688
1136
4991
5654
6498
2443
6488
1414
1284
3193
1492
68
1558
2806
6739
4415
4506
263
6861
5206
2979
2385
2807
2354
3016
580
2631
4198
3347
1916
3398
4410
1278
1
3153
5283
269
5420
2758
5581
3636
3421
4471
6334
271
1987
737
314
688
4938
663
3854
3208
3384
3276
5772
877
784
3425
3879
5204
4829
1665
626
4511
951
5497
6908
4476
5757
660
2301
746
5575
5525
1724
1615
5326
2148
2511
4057
1126
4999
3254
2155
403
3243
1382
6604
6988
3672
924
5169
1560
3198
2889
4374
5069
25
5098
2256
521
3830
2594
1004
3977
4084
6337
4865
6621
1543
5935
2285
4806
3394
3057
4438
1323
6917
6209
1237
4406
5308
2789
4008
1090
4715
6578
1955
2105
526
3573
5997
3282
1644
6385
6554
3675
4192
2451
1349
5536
4072
6548
1466
928
836
2154
4755
5203
3898
2534
3548
2801
1928
1988
5917
6536
5005
3571
1690
1047
1978
4464
3026
82
1845
832
789
5337
6805
3027
4623
2137
5115
1152
6933
5784
4407
2442
5970
3973
6307
1567
3553
4865
5485
2981
4410
6951
4135
5907
3976
4872
5228
2897
1827
6849
191
1707
2372
982
1967
4192
2008
231
4485
4633
4789
3282
3955
6337
1298
4512
4060
4864
3764
5836
4000
5309
2566
3818
2537
738
5723
3382
3989
2938
3842
5452
703
1733
5315
1195
6187
3197
5251
6926
2778
1674
2034
1380
4936
375
4299
5036
5318
4159
3311
5520
4051
3492
3687
1606
6464
5164
4104
6715
4745
3723
4138
444
4445
4921
4120
3566
1165
4162
272
3984
3365
986
6897
1373
6927
4953
2788
4435
2135
1153
348
877
3113
3605
1653
361
5723
2580
1909
1974
4879
5721
3285
817
5532
2296
1546
2858
1278
2648
2556
1937
2485
6958
6022
5702
689
6505
5397
6821
6833
3522
6580
2355
1490
710
6729
6838
3766
5553
3328
4185
4843
3042
4734
754
4696
4970
662
3798
3440
1948
4000
6818
1817
6420
6429
6591
3283
6781
4083
3248
3850
4736
2849
6921
4321
297
4013
3154
3530
2819
184
1220
6655
3535
1254
3122
5405
1544
2535
2190
3710
2578
3607
1226
5063
6392
6828
2475
1755
3811
6600
3679
5961
4013
5285
2020
5407
6012
732
4092
2142
6650
112
666
5973
499
1421
2536
1543
6321
2090
6207
3430
1369
953
3796
1546
1478
3846
270
2356
6751
5055
3064
312
2695
2994
3245
2911
3205
3501
6524
291
4233
6164
4060
1225
1738
3801
3869
6282
5592
2431
1443
5561
124
3862
5510
2205
1302
3648
1498
5669
4777
622
596
4396
6898
5295
3107
3039
1403
3584
5937
2615
2950
5881
5512
2742
5436
553
6160
3482
4850
6452
6657
3006
1982
4174
2186
3571
468
4934
2233
6602
2640
6936
3265
3599
48
2266
2686
6148
6774
6416
6299
286
6713
661
6804
2519
3606
1895
1630
6886
4490
6162
1195
2637
6354
5944
1305
5786
5542
4332
1570
2200
2860
1396
5170
1379
3501
4553
4289
1154
3129
2621
3311
2641
1416
5380
3597
2737
4081
4498
491
2556
6880
2509
2976
3548
571
6299
2315
3184
2901
4390
2275
3861
6598
3825
1374
6876
4314
2526
5160
1782
2628
1675
2286
1599
2684
2396
5624
3448
911
3994
5278
4247
653
3240
5987
2066
6519
2087
2114
3924
1979
5976
5367
2304
5397
5528
2998
1707
2848
1818
2027
3992
6064
4263
1020
4718
3262
4611
3108
24
535
4397
773
4987
6105
6733
5917
3324
5309
1727
32
5502
6458
1978
2532
272
2914
1090
6567
929
4255
1723
4878
1751
5252
6358
6347
2406
4421
6859
5974
3074
6723
19
3296
6828
4279
870
385
4216
1125
4910
3354
937
3730
5044
1853
3060
5133
5814
2095
3908
831
4461
5426
5840
188
1089
5577
582
3575
372
1518
4432
5730
3040
4754
4523
4265
3852
6325
5214
78
2697
4759
4002
2943
6583
5435
5535
3168
598
168
5250
1012
6404
5574
2050
1693
1925
1969
2731
5035
3956
2664
3988
3743
6444
6852
6917
4661
2198
645
5520
6205
3474
3796
4326
877
1799
573
6943
1057
1404
2789
3268
2264
6819
1404
6186
1407
3693
6032
4282
2908
3930
2115
2449
3960
5129
3699
5121
4077
6608
4260
6237
6489
249
3255
6447
4782
4963
5958
6058
2826
1648
3144
5738
4785
1531
2684
5370
6589
2293
4473
722
6028
4290
428
4069
2544
2929
2020
2972
5785
1027
6686
2667
2358
69
320
4107
2993
5468
1792
2511
4258
6622
3221
6984
418
3004
3757
4669
5289
309
1563
3422
6836
2208
492
1524
1982
1872
2381
1717
4693
693
2689
6770
6318
3671
141
1523
5626
836
817
229
3272
5965
2730
2451
1051
3594
3875
6407
6735
4381
3218
3236
4674
3727
3944
5644
3532
1620
4386
6134
3852
705
1752
1063
2848
5787
2151
2047
6840
6512
3963
1175
6440
5182
4453
5952
6304
680
2713
5627
4646
411
3640
3188
1373
4880
4964
2353
1610
6004
743
3349
2888
5319
6213
1965
5253
5930
4704
22
4651
2702
4688
5915
3594
3848
5550
5280
2228
5962
781
795
4856
4324
3177
1859
6859
2188
6151
6558
6742
3656
3782
4446
3608
4613
610
1215
2675
4876
176
1902
2555
3466
4608
5406
6254
1100
2533
1987
2957
5545
5923
4512
49
3837
1199
4914
5042
4178
3383
2959
1232
3263
6606
955
5372
3145
2456
3682
901
1532
774
6766
6849
5579
122
4563
531
2710
5321
3859
1230
5352
5424
1079
933
481
6773
6690
6484
225
3265
2920
2684
1921
75
494
4896
2871
1043
4954
40
3415
6858
422
2328
6622
4729
6151
2696
5265
323
1605
5361
1569
5958
2384
1433
2340
6262
4594
4196
2249
3315
4723
3324
866
5364
1578
1282
1827
2551
2913
106
5424
6849
6282
1568
5899
2959
65
2320
6480
4030
5556
1838
548
6948
1146
6279
539
2258
2546
6016
1656
2554
3850
1135
6
4108
696
5344
2519
1037
5218
3687
6112
3412
176
4755
4508
3261
6308
5982
1799
1600
2461
3057
3262
4795
1655
1600
5434
5879
6508
5079
4695
2491
3315
1127
6732
363
2948
2221
2614
6382
4861
851
5629
4374
163
3662
406
4319
1453
494
5069
2436
3226
3128
472
5907
927
2926
4238
5887
3085
2981
5770
1629
5477
4039
4748
3372
4207
1336
4732
266
2470
4016
1877
1026
2760
1273
3650
2677
4468
4112
2172
4990
4925
1589
1988
2823
5276
961
3972
376
2831
4177
1733
1536
5010
6069
4906
4300
4050
4890
1735
424
6267
3140
1731
5764
791
3647
1211
5370
3077
3165
1495
3376
4692
3552
5823
1744
6572
4911
2008
1168
4040
5035
2804
3625
758
50
473
1106
2758
125
1051
6295
368
2097
6627
3570
4796
2739
5810
1744
854
4030
1898
203
1914
2937
4797
2759
1313
1630
4076
3176
6338
5779
3312
3822
4039
5641
593
4991
1269
962
4077
1463
3296
696
2612
358
5849
3417
5890
3591
5287
462
5802
3196
5831
5888
1548
2339
6047
5339
4017
3104
6450
3295
6632
3440
3594
2106
2826
812
1851
6514
963
586
4064
4738
3757
6037
640
1197
1508
1554
1838
1623
483
6279
3871
6283
702
1185
3693
4096
3526
2091
6354
5000
294
5283
2597
6514
4781
2054
2620
2438
4580
2288
3559
3715
2280
274
6020
680
3106
3385
3102
6663
683
4640
1085
5519
6031
201
6614
4862
4273
3207
2896
6703
5290
4115
5659
5428
1329
2875
5718
3561
2591
3305
4129
5949
4028
6348
276
5075
2239
1952
6458
1940
6000
4682
2744
4613
5524
2569
1990
2092
1527
6035
2994
2931
5659
3941
2644
3704
1582
4799
3849
422
1497
1373
675
167
2671
3973
715
1657
4504
1226
6457
4498
2909
1138
6679
256
2247
3524
497
6850
2936
3611
4697
2286
662
3733
2722
44
3114
1278
4706
794
618
5328
3970
4975
6159
793
4335
4728
6137
4206
4675
4012
1236
4938
592
6876
6032
4369
10
4604
1290
694
1712
4986
774
5437
508
6658
3973
4166
4629
113
1413
3136
1796
2512
1376
2394
2810
6634
1561
1557
6246
41
4165
5057
3823
3538
3076
6260
3902
6262
6500
32
5976
3777
6672
2927
6487
74
4795
5951
2325
1747
3736
1176
186
4565
1510
6738
2896
2746
3220
1944
1580
1422
5748
6170
6433
1758
2223
5596
2471
2165
5683
3389
4881
880
5278
1838
292
3125
6533
6562
5297
6325
2148
6123
2291
4944
1874
5150
5287
3394
4146
1510
3804
4315
4419
726
2807
1614
6282
5114
5515
5535
3857
5496
869
5539
2471
3567
6684
2542
2805
1853
5034
5439
6774
2166
3473
936
2279
3697
3154
5193
62
5893
5047
1946
2738
4271
1495
5725
2317
5233
5603
3045
1632
80
2817
2729
3182
4124
6091
4215
3641
4673
2177
2186
5092
5556
238
2262
6519
1224
4500
5139
4200
6869
6896
340
1293
4204
6855
1376
1993
1891
3
5374
6442
4752
2545
561
4644
5219
1211
279
4455
3161
2088
766
4960
4238
2685
6297
6954
4
562
6615
3267
1588
820
6913
1672
3208
1054
2510
4374
2005
2730
6860
341
700
1505
3863
3918
2500
6472
20
2809
4364
311
4808
2090
5082
4774
3981
1408
6571
1680
6948
513
5991
6979
235
6787
1017
6226
40
2623
5238
6413
6580
551
5481
87
3140
6836
4237
3245
5439
5363
1774
4282
3890
3398
4861
5208
6073
2217
871
6928
6346
4746
3642
2347
3080
2566
6297
1644
6245
5331
989
1868
6205
737
2578
5434
3722
5419
5468
6346
5382
4409
4906
537
3396
722
629
1463
2363
2595
6349
1532
803
1413
2209
917
1607
208
1105
669
2568
3486
6212
6703
4397
1345
4006
1350
6003
5319
4183
2907
4996
2930
4373
1878
2423
632
4897
1729
2745
2576
6757
2781
4043
624
5502
4849
2854
1231
3051
778
991
2304
919
1494
4866
2561
5994
4738
5155
5405
2780
5900
4590
5490
5921
2449
276
4925
6039
4009
4819
3591
940
3471
119
5546
3358
6325
3713
2637
2832
3377
4681
841
3097
2118
4387
2944
1450
1613
4662
1476
6085
1840
1723
6793
4259
1512
6920
4851
5382
5515
2642
3887
1927
209
4021
6737
3933
5631
4940
1615
5454
3357
4674
4045
681
3610
5763
5062
5389
3093
5524
4546
6828
3203
5575
5557
4214
289
704
4530
6969
2469
5393
2124
674
2133
4813
5986
5718
3449
1485
2185
3361
1884
1424
756
5961
5938
839
4802
6213
2908
104
4558
2536
6841
3083
6527
6473
3227
3793
6823
5265
1801
5029
6252
3786
202
2412
5573
4395
1200
3892
6265
4162
636
4759
4414
1253
5133
5506
4427
2155
3673
5466
3035
2248
2180
5250
6193
2806
2168
2231
463
3727
1378
2365
6210
5636
1594
6105
6247
6249
252
2129
6967
5136
6850
5734
3995
2312
1618
3170
2239
983
1625
3991
4178
6391
3340
5158
3242
5909
720
1448
708
5045
6024
5980
1458
6549
610
6290
3440
2782
4481
4915
5083
4721
258
2526
296
5243
240
1702
1497
6270
6612
1390
3478
3069
3612
1639
2665
1607
4371
6870
1298
1148
2078
195
1561
207
2115
5927
3842
5567
2261
6004
1558
5019
1388
2319
6452
65
2905
6586
4437
6053
5595
3813
4305
4604
1590
3928
3792
39
6905
322
889
4323
6044
870
5337
6836
2900
965
1924
2942
5747
2516
3713
2073
4574
695
2028
1532
5747
3199
1064
4719
2032
1704
5561
2827
6014
6676
2547
3386
1787
4820
5265
21
6518
6328
5649
6095
2169
3266
1640
5792
567
4296
4363
1731
1557
3164
3134
2625
1614
4946
5619
6315
4155
1971
1161
1320
1320
6825
5713
4995
1483
1176
6105
5296
3357
1710
2035
4201
3634
3550
3702
5653
1400
5505
4034
2436
6447
6556
5380
6607
5195
3698
4241
72
3647
5465
4736
5096
3599
5603
6386
3136
5597
1985
2539
1092
1072
5499
2871
5373
3539
3304
6977
6636
3260
6726
2552
6677
3385
224
4319
6871
3058
2520
430
1875
5866
1258
2043
4953
1672
3306
382
4009
5273
3728
3000
3544
5501
2302
2950
6840
1520
5494
4082
2181
1251
3739
2236
3471
3140
6708
2838
5527
4023
4120
5477
4038
3746
2906
2714
5766
5784
5979
1109
4122
1585
1838
2518
617
6731
1446
2378
3457
6384
4417
467
3551
1829
4741
5046
2595
2709
1540
6331
5260
4938
5595
484
2203
4940
3040
5791
5199
6745
4163
6971
676
2343
565
1252
6527
5778
1103
6669
3613
4183
3423
6822
714
2115
1191
1139
2276
4984
3942
1507
6346
1361
2675
4051
3087
3609
2529
4797
1104
518
6184
3879
3503
5315
366
5997
6017
2693
2033
550
586
2066
5638
1889
259
5402
5187
1758
3271
5055
748
4593
798
6615
3151
5860
1592
342
4922
2523
283
5775
3787
1678
5926
4752
2066
6232
5148
4762
5758
2679
3597
42
5214
2258
2370
6621
1793
5887
6941
2068
3851
6674
3487
65
2967
4717
5685
4776
5084
1943
4498
6953
720
1845
5668
6717
5400
2427
5698
5054
4244
688
5905
6886
4167
4928
586
6392
1411
4577
4642
217
6983
5481
329
6934
4615
2790
3190
1273
2393
6716
6955
2613
5540
3379
1658
3321
3902
6290
2448
121
2484
2237
4232
1999
6811
6439
1915
4794
2796
878
6001
4075
2880
3576
1917
5555
4936
6449
2774
4666
1658
2478
226
4587
2259
4351
466
2255
5854
5910
6139
6957
5179
512
5836
2482
5650
5725
2792
4129
4590
2862
6705
2427
1343
4751
333
5807
3444
1289
4927
94
1251
2602
1590
3041
3466
6338
2596
1513
5148
4568
6041
4379
4865
634
4983
418
1347
6402
6764
3127
5767
5791
401
2446
1626
668
4566
151
4143
6641
2511
2342
3228
859
2149
3807
1475
5859
499
4793
3361
3352
4545
1301
5427
222
3913
3619
1329
6939
5442
4932
4708
3155
2251
2374
4096
3401
738
1377
873
1162
4716
4529
6816
5653
3461
3519
5871
2200
3737
2874
2355
5699
6774
71
6442
5385
836
6544
973
6483
126
5944
3177
3349
5560
4448
1632
4108
6732
3173
5567
6026
2849
6466
6548
6925
606
3644
6180
6572
4844
4752
601
2549
4969
5478
6746
5025
2580
5639
3041
5084
1280
2530
6292
2854
3510
2886
3930
2464
4291
6024
179
1553
2536
627
6213
5905
4636
2780
1246
1104
4024
3524
3776
1108
6482
1771
392
5406
3781
5225
5641
1870
716
5660
696
245
2933
3567
2333
5593
4516
4377
195
4592
1236
5931
3111
6884
5560
258
5139
587
3659
5324
3268
2666
2814
286
2112
1226
353
5001
4591
5780
3557
3882
1100
3638
3867
6467
2710
5191
3240
6101
3104
3102
5630
3440
4169
440
5085
3556
5996
6763
3766
4484
6448
3247
3944
4238
4743
3985
676
4672
3967
3029
2136
820
5149
2154
4558
4397
3398
3580
1134
4660
4927
4131
6974
95
6961
2783
5041
5410
3662
2354
3085
1785
2722
6427
929
2992
1976
236
2450
2091
5748
2256
6670
6912
1879
1246
1294
4861
2488
4704
1526
6483
2046
4876
618
6543
4612
4095
3084
1452
1652
5740
37
4294
6219
1820
3300
1002
5340
4452
5253
1599
3863
6014
2886
2733
2974
5425
1181
25
3849
5021
1818
3132
21
4233
1597
2841
4069
593
4001
2444
949
5765
4797
1937
489
4858
855
2790
3407
6639
456
4616
528
6921
5513
6097
3846
4006
4764
1740
138
6029
869
4595
2188
6060
6272
2367
82
3302
6211
5575
3831
592
549
1399
411
4476
3220
5794
848
493
5062
2368
5634
5092
6185
6166
4669
5379
5673
333
5977
2484
4450
5300
6385
453
6683
1580
2536
6732
2175
5
4997
661
4865
538
2979
4399
76
5172
2636
5774
624
881
1949
5688
6987
6689
3550
4556
1095
2008
4620
481
4650
3839
6971
6157
3691
1421
4919
6195
6900
1940
976
2866
4660
2800
1225
328
2200
938
5662
6758
2167
1334
713
945
6561
678
1557
1402
2542
6444
6911
2121
1932
4941
4368
747
3967
6277
4619
870
3477
1028
1222
5311
952
5284
2323
6565
3848
1249
4432
5738
886
3077
5771
1102
2125
6520
3737
4372
6089
6873
2483
5023
134
930
2115
5660
3119
1896
673
4815
1249
634
879
4880
6361
6710
1175
1513
6735
5296
788
4720
4845
2185
1132
1856
4353
1054
2367
2536
2076
6761
3336
1044
472
1667
1194
678
3414
5510
3728
193
2254
1460
5209
1298
2208
3874
2892
1693
4863
31
1557
437
2898
3427
3597
6564
6124
4996
6420
981
4545
2904
6802
5077
1223
6516
6361
933
1693
4838
3008
3268
3316
513
6117
6765
5495
4891
1217
5130
2683
2284
1571
4316
6862
2669
3145
6205
229
464
1238
2749
4297
1176
5970
3233
1009
6597
3989
1236
6870
5516
1760
5149
5416
388
1015
2486
4359
4784
1815
1399
3708
5425
3778
3165
5959
4485
6633
6224
2196
5781
2528
3160
6996
2086
2740
2044
4320
3583
4307
2772
4849
1076
6856
1840
1278
4557
3357
4267
6651
5135
5828
271
6934
3138
2845
5502
5163
6068
4742
6115
4683
6519
4058
2302
922
4527
4920
5838
836
2624
6292
2415
263
1271
960
6839
2954
5487
4712
3134
4928
4031
3699
3730
4378
5140
6483
5454
5773
2158
6864
953
3374
2846
1765
2893
6711
6695
5586
4190
6464
1758
210
6141
1158
4399
3543
314
3257
2916
4553
6924
4743
1766
1036
6646
4297
2311
6015
2955
1556
4115
2065
3300
2551
4642
993
6743
5162
1164
2623
3230
4371
2251
2399
1149
6793
147
1915
7
2050
1756
4133
5445
116
5207
6548
3528
534
549
6661
4483
1060
1339
4513
6133
3609
2751
4394
321
3260
2408
6674
5898
5797
1907
5253
5894
1217
6960
6359
3179
3636
1903
5275
1038
1233
974
1201
3257
5049
1251
5029
5042
847
338
1849
1490
3414
1920
6374
987
5296
4190
3517
1038
4287
2350
6224
436
5546
2002
1897
2463
6053
4319
5760
6415
4097
4371
367
6041
5870
1784
2654
5931
2935
2352
265
260
1069
2371
1707
6538
777
3098
1278
5741
3539
472
4478
3114
6668
777
4155
2127
6743
5914
2273
2281
5972
91
5716
964
4049
6132
260
1691
6478
5155
5263
3942
3973
3693
957
2748
1212
4289
2601
1015
2753
4918
4011
2443
5377
3025
5635
3628
247
4931
2319
5996
1665
5119
1572
6590
6361
5991
2521
1834
6254
4376
3127
3449
3295
4431
4154
1350
5361
6827
5650
5437
553
3633
5773
5086
4408
2656
1684
5874
3176
4379
3625
2688
1329
5516
2084
4335
1359
270
4683
1677
3195
1579
1541
5786
5620
4103
4174
3472
593
6394
5985
295
4803
4178
534
2205
5542
2514
5057
2594
606
1865
1562
2583
1325
1781
4635
4556
3199
5407
2755
6716
3690
5189
5586
5885
4953
2143
3850
2055
4605
2796
4162
2655
4322
6022
1361
6672
2805
5848
2548
4263
1769
5854
4627
3245
5495
3573
3705
2869
5513
1849
116
1828
3528
3046
189
1246
1675
6715
4643
1841
3792
5860
6518
584
5094
5256
1511
1117
2055
5481
5839
5020
3480
1806
5477
4715
4343
196
403
3931
4545
4966
2532
955
3147
1361
1579
5546
819
1105
2094
1089
311
6620
6534
6729
5264
6149
4265
2272
5148
3079
2794
6212
835
2905
74
43
5691
2420
2409
5667
2062
6412
5492
850
344
2792
5422
6710
2451
3862
2686
3520
2120
1143
4857
6307
376
5494
3749
299
2812
3375
1689
901
3244
1753
2066
3210
4102
2612
6262
4570
6316
3271
6781
5741
3628
2544
6483
1890
985
3138
466
1408
6476
4532
5477
2228
1250
4607
4542
5014
4899
2205
3928
51
3881
290
3780
4453
4434
6854
6616
3677
3960
2361
2372
2901
4421
3801
5475
6434
6014
556
2457
5513
5117
3896
1324
6097
6151
162
2979
4072
1632
4533
6710
2950
6927
1030
1487
3513
1818
4610
3286
3792
225
4323
4561
3589
6416
654
2309
2528
6881
5645
1257
1420
533
1366
5731
6527
12
5484
3523
131
6825
2800
1537
3184
32
2695
1951
2090
4643
672
2630
3145
4565
172
4692
4822
6134
4636
1087
894
2102
5500
3100
3009
5052
1194
925
852
2310
4029
3857
1410
946
1432
4976
5677
760
589
627
5210
1017
5960
6402
6194
4914
6977
162
1814
43
4319
3423
2877
5860
2169
1246
4690
2769
1611
35
712
1555
4660
1726
4715
6790
1974
2797
6560
57
86
1983
3042
1858
5270
3005
2707
5953
3610
955
715
4562
4228
5385
2926
2955
874
5743
6685
5449
63
1456
564
755
1930
3351
895
4749
6704
6640
6365
3698
1635
1836
1072
2062
3989
3375
5203
6640
2428
6513
2960
5467
4900
5939
6372
6650
1713
3420
444
6094
4381
1162
1935
1777
1875
4397
3289
3753
6196
1898
1139
3432
4842
1904
6086
6640
2083
4770
547
5635
6434
4214
1010
6697
1111
2316
2571
1073
760
6313
2029
864
4892
1992
5762
2773
6544
5579
5915
3228
1235
2695
6939
1006
4599
3891
1734
4081
5799
4019
3756
3776
2966
4456
4131
1635
580
4617
2847
6748
6185
3368
1458
4
6856
5521
193
1470
4194
2804
1590
3766
4985
3974
3204
395
994
905
6987
949
117
4814
92
6532
2919
2241
3916
1978
4890
821
2221
576
4765
1065
1500
569
3315
6805
3235
4931
3974
5078
2385
2667
3935
6896
4031
4738
3658
5229
2864
5975
6188
824
5122
1341
985
3057
6122
4730
867
4284
2167
5306
2994
3862
861
2479
3064
6492
4649
3805
5478
3419
1038
3914
5337
6583
3002
6950
4851
2535
5006
5003
5465
2164
490
3862
5192
1323
2004
4295
6836
4620
2222
3084
3497
1308
902
3175
2990
4868
1454
731
6472
6416
1719
6592
6809
1510
349
868
3430
3304
5535
2760
578
6286
1847
4911
4943
1185
941
2283
2501
1656
5292
1999
3733
6609
4998
3250
4114
1658
577
2451
1415
4348
4014
2500
1201
4090
1301
747
3234
3246
467
6961
1496
5186
4407
1598
6352
5035
4868
6807
6246
1574
2574
2235
2525
3948
6214
3160
4451
3996
3293
3384
5771
2595
4607
6459
2629
5722
3199
2043
6626
767
5055
5980
1922
5806
5032
3297
6489
1823
6547
3719
3072
401
6599
2479
5387
2012
4869
3777
202
2600
3528
4514
3355
1592
2321
1280
3975
4860
13
4629
6994
6783
6708
2441
3486
4169
6622
2961
959
4616
5809
4035
6349
837
5238
6662
996
638
4771
4471
1324
1345
6449
6651
2262
831
3245
4408
3877
5191
6102
5941
136
6370
4583
4541
1080
295
4899
1738
1988
6632
293
941
5308
4654
169
4934
1550
352
4038
673
4934
1309
4541
1314
1276
3293
4136
810
4540
5468
4811
3811
4987
6300
6575
1243
4173
4328
1080
5479
2153
2135
1841
4183
5591
628
2282
596
6563
3449
3622
944
4663
4971
5735
6301
2191
496
5740
3253
6456
4639
805
6086
2605
1345
352
5229
6086
4426
6750
4019
4962
2345
2281
3226
1603
2800
4002
1636
3270
2482
4389
3927
3653
6573
67
1333
835
2604
1166
894
6742
4376
528
1698
6410
5414
4753
5669
2017
6004
1479
3218
1994
1904
2392
2660
6460
4422
3878
971
6591
4690
4347
1872
3860
912
5515
657
1096
1932
489
4023
944
3901
6907
3181
5006
1562
3240
2261
5787
5553
1457
6551
238
2525
1260
2440
2984
6079
5092
3756
6131
2621
240
2661
2198
3668
4923
6022
2676
6835
4949
3168
4375
2437
5736
4640
2407
614
3790
1435
5170
6576
5972
1015
6998
6031
169
6147
2803
3565
1668
116
1911
2296
1542
289
4994
1394
2597
6319
4952
6011
5799
2725
555
1495
6275
4545
6899
2211
6743
1961
5263
1693
658
5407
6819
2790
4747
1723
27
3348
6758
5581
1337
2368
355
2436
6785
3193
2088
3038
2818
2475
4330
5674
6706
4547
22
2144
4658
4126
4210
3399
6981
5861
6910
4240
5965
6654
5285
6201
2710
251
178
3447
1547
5938
6909
2952
3348
897
4189
4967
2536
3520
343
6072
5823
381
2048
6392
1955
5683
4341
1831
4889
1618
4508
6490
960
6262
6267
3332
5317
5207
2773
6921
583
4456
4890
6721
2392
6728
5478
104
3460
6547
3554
1288
116
6531
5290
3962
5678
6811
6256
541
1415
5528
4833
73
3752
2327
6718
5648
2203
1566
5736
4140
2624
2735
2822
6289
6744
4121
5991
3252
4193
6611
5923
4678
3721
3267
367
6984
4790
2812
4039
1659
5028
3628
691
5680
2156
4330
2494
130
2512
6424
4267
6924
3642
1207
5170
3661
3361
1804
5258
2323
5982
5321
2119
4728
61
2041
5573
2779
4811
3433
4040
1196
6055
4218
289
4899
3318
743
4460
1706
4192
386
399
3885
1812
2746
2299
3573
2528
2193
4591
6269
2082
4916
1347
6466
5087
1077
765
4936
4714
4725
6987
6076
501
31
928
3864
6668
1100
5373
6116
1335
6969
5568
870
2247
3902
3908
1192
2909
2851
5370
5898
2237
1379
2921
2602
943
5003
2975
2324
1632
5645
2236
3184
1362
4508
4488
4776
1603
2406
5925
456
3925
3556
286
5510
2059
4682
6417
4047
4987
5142
4774
2342
3805
5713
3918
5615
6306
6488
5823
4962
665
5492
1560
1739
4247
1028
3056
194
681
5948
85
1876
5041
1452
1555
524
5464
5005
5784
2870
545
266
3460
4362
6174
2911
3793
4241
905
3717
4889
6440
3696
139
2685
5543
2490
3652
4170
389
3908
1688
3898
2115
2262
3022
2172
244
1558
5061
303
1770
702
1227
5346
4887
4117
5399
5368
5511
5598
1316
6154
4860
4806
5519
318
1342
5693
4347
1044
3254
3273
453
5203
430
6148
2387
5967
2180
6618
224
2194
1389
874
5639
4466
1337
3688
493
3115
324
6942
339
662
2008
1019
1980
800
6223
6132
1934
4011
3327
4893
4360
2557
2600
4415
848
834
2861
3928
4961
3447
6545
2873
1191
5713
467
1480
1843
981
3945
1319
154
2173
4862
6177
733
5924
5798
3590
3549
4437
3381
5215
3879
3680
1561
6911
1175
2413
4272
6155
6744
914
6553
3188
3181
3556
4382
1723
374
4620
2044
6062
1471
4227
1089
5226
113
1586
5712
4556
5968
685
5525
2789
1518
5745
2692
4548
310
5656
4700
298
553
1846
6583
5655
4907
3880
1192
1435
5490
1506
987
814
483
6142
2465
5748
2458
4085
412
5180
4234
6786
5139
4489
3959
119
5313
31
5521
6711
4025
5669
6473
5222
4835
367
124
1026
2402
6896
5300
3504
2601
6385
802
5472
2290
5923
1200
5903
4436
5234
1127
5632
4216
6761
4647
1214
107
2079
6031
638
6973
5419
3752
2219
3144
3381
362
4703
6719
3541
2400
2606
80
2122
4377
5043
1252
3779
464
260
5847
5213
3513
4918
4946
3629
1990
3858
1391
2079
2662
4932
5394
542
2352
3546
4898
139
2147
542
2300
1389
6009
1612
3579
5300
931
6106
104
4074
3388
4683
2023
5988
5485
707
3741
1593
5414
2018
508
3149
702
6097
3760
3341
6639
6162
2868
3645
104
2280
2133
3295
4390
600
1103
6189
3757
4312
4966
2926
4518
4601
6359
3814
4226
1513
111
1389
78
6885
2644
2932
5833
3517
5660
6479
1016
6942
1910
4440
1130
3677
4959
6439
4892
1989
6412
4076
4470
2465
3642
1309
3369
6051
2430
1013
299
2036
2580
6744
3298
3689
1387
3166
1437
5305
3979
1446
836
3666
4944
5192
6540
261
3869
5484
1821
1924
1348
5808
3356
917
4687
462
71
6343
1663
701
5820
4541
4383
3851
404
2289
2161
4238
3380
2586
3824
1432
4848
6871
5185
6383
5822
1994
1917
5465
3184
1566
2216
387
531
4298
6799
3202
4167
6018
5959
1242
4882
5247
1811
4950
10
3925
3073
332
3929
409
5565
4879
5669
2246
4900
6032
2690
2981
6084
5056
5049
5542
2211
1141
6887
586
4230
5434
5928
3289
6109
3086
3253
6030
3214
58
4872
4123
5114
4622
920
5690
6751
5260
1265
5407
1819
536
107
2471
116
6451
1112
939
2612
2271
1889
4425
4581
2420
5241
6991
5940
1337
3420
1083
6486
2107
337
6202
1644
2590
2260
883
1149
6430
1620
427
627
3917
4320
4300
6287
645
1469
3203
6562
4562
339
4653
3648
2770
213
273
3671
1956
4821
4919
6108
555
1394
1733
1771
5606
6860
1811
3606
6787
1593
2457
318
3144
5519
2827
2972
3811
1477
1611
3144
2119
5857
2461
4910
452
3263
3579
365
2169
2711
4770
874
2487
194
6793
5927
4590
681
2045
58
3833
5718
4482
3379
6460
6266
749
2013
335
1894
4259
893
2416
2127
5918
1088
3598
1752
5772
5273
3598
3191
1899
3141
3452
2319
1170
257
6805
3545
4085
1832
5713
814
5171
6342
5216
6733
4155
6984
1626
4984
6493
5975
3108
3539
5179
4662
6113
2461
454
4435
6223
379
3098
5776
1482
5984
3961
4825
5107
4132
533
6238
6996
400
6881
735
3947
3374
874
3183
6752
1234
3115
3218
4654
1899
3373
2561
3524
3054
4732
6444
5027
5940
4450
3784
6459
6846
918
5223
1841
1263
4868
4604
684
3507
5287
1340
1593
5330
4373
6759
839
2032
61
2191
1165
388
521
2911
1802
2622
3636
4638
1573
4539
1595
4011
651
2014
2353
1952
1172
2906
5116
328
104
3237
6766
6055
6021
3912
871
2736
137
894
747
5427
594
515
5349
1975
2669
6770
3759
4769
855
2675
6429
2649
4333
4168
5606
5292
4539
6766
75
2293
1661
792
5329
2759
2593
6217
1358
4711
5518
6312
4609
2591
1951
4295
6908
4413
1653
5735
2641
5678
3042
1156
1714
2967
4410
702
2102
1419
5613
497
1513
1908
4025
3265
3588
6983
6022
2466
3650
3961
2164
4932
4453
5657
4039
3599
71
5161
3772
5837
5671
3873
1069
5813
3554
1488
6845
1060
32
3950
162
3049
2464
1074
483
5311
2671
5690
4789
2064
5755
990
5459
3964
2919
4229
6792
2741
4398
3376
6571
2474
369
3069
2488
2536
1455
6551
2068
3742
6403
1810
4567
2240
2419
5289
1359
2749
550
5403
2006
2704
989
3804
4565
2228
4304
1033
6585
6545
85
6120
5272
5537
3816
6519
3103
3972
2436
5024
834
5990
608
4906
5557
3069
1699
340
557
2060
6035
6205
3453
4515
5767
994
933
6483
2276
4983
3018
422
5190
4849
5078
4944
2071
682
3390
5302
3987
5971
733
6711
4040
2699
3970
6777
4251
366
293
364
2363
2241
2618
2238
2659
1017
6419
5263
1151
6860
820
2783
5198
2482
2051
3829
5920
5820
2783
2067
2453
4986
4133
847
5413
6016
2391
5244
318
3465
16
5481
974
5072
2152
5809
6504
6945
2991
513
2843
4803
6259
6288
2609
4293
1663
5952
2932
5777
3228
5886
3858
6695
1127
1853
3512
481
517
316
4992
689
2229
5924
1830
4742
4132
4857
475
6569
2595
2581
6037
3172
322
5029
2944
6255
5169
1473
6081
4288
282
6619
5970
2790
685
3584
6841
1063
3673
6483
560
6875
3185
379
3361
982
5608
3415
292
4785
5401
1030
4041
5048
316
4839
5015
974
905
1315
677
1882
5187
2369
4528
4987
3254
916
6723
974
2908
4598
1811
4463
1210
3405
4831
6039
2632
4825
5638
2634
579
5601
418
968
3956
487
2186
1563
4670
6497
5600
637
6259
6479
5739
5921
3962
4901
533
3042
5073
43
4013
1261
4177
3168
2529
5722
5012
2230
4946
4611
1393
367
1176
2630
6815
1913
1187
6176
6832
3632
4845
5403
3430
948
6518
2737
136
4143
839
4782
2287
2337
4321
3264
3847
2722
6073
3609
6828
2415
205
5471
1467
3819
4053
5989
6280
3472
4472
3091
5726
2274
6647
337
5458
1796
4676
842
1986
5175
779
5796
5658
2863
3166
5876
4243
847
2162
1880
1266
4115
751
5114
3528
462
5938
447
2296
4678
2278
1019
5980
4477
1400
5770
6558
2264
3715
566
843
2376
6206
3594
2664
3352
797
6828
6343
5285
4244
3856
3168
5352
4149
5028
6635
684
2519
3101
2170
1047
6630
4588
4788
803
4931
4811
3608
6592
2989
1101
4889
6260
217
3052
1454
1978
2461
5768
172
4118
5632
6097
4051
2306
2125
4618
1656
404
4809
6446
1625
6893
2140
3912
5665
950
6842
692
1193
5981
6376
2426
3774
2482
5614
126
60
6507
6791
255
3411
5400
2063
2498
3154
6112
5022
4501
4659
812
5679
6595
1356
5443
422
1886
1910
381
6795
4759
5603
5036
3750
4538
5616
5757
1583
3171
1363
1253
5289
1508
151
4439
4902
398
4342
4990
5240
2686
6931
4171
1977
488
3621
1725
97
4989
2141
5488
1358
4683
5843
6320
6112
5160
4703
4781
6060
2904
1086
6208
2047
5193
760
6749
4198
3896
23
2226
2240
6911
2802
5197
1417
1514
3953
4252
1596
5926
3513
6242
4450
1235
1061
2406
2141
4592
4668
6501
1254
4709
1879
5446
1770
5053
5093
5533
5338
6174
3341
5233
5889
911
6698
5511
3464
3443
4466
4201
1931
3602
52
12
2366
348
4721
5583
2277
6106
5437
4141
282
3211
6467
6455
3024
1754
2479
4072
5592
5352
4770
2914
6382
6686
2122
3607
1460
4677
6228
3500
4978
3012
3691
2581
53
2641
6376
3505
6042
785
4138
2693
1116
5379
2424
1810
3799
234
5824
6014
798
4904
3348
3689
2680
1327
4702
974
2008
6674
5631
1011
4165
1553
5590
4473
3284
2772
5071
1253
3225
3914
2176
4203
4407
2546
4638
6709
2110
5122
4139
2062
2197
3007
1233
3094
4451
6116
1762
711
2760
6741
1003
6323
3894
6714
4848
1353
3352
6190
5618
1857
205
5916
3676
1810
6176
4634
1076
5530
6390
5381
5292
5012
4027
3035
754
2905
3880
3113
13
5397
1712
3088
5409
4331
5404
1864
1476
4996
5903
1317
3486
4810
5658
1575
3775
2410
5283
1889
2250
5236
1478
4926
2015
233
3625
170
3319
5409
4418
414
5127
5110
435
2219
6275
2484
6421
4975
5985
4104
4375
6040
5522
4000
5647
1729
2628
4544
3575
589
1028
363
1407
6582
1517
1299
365
6347
2878
5758
3398
6278
2504
380
6345
277
2979
3058
3610
6334
4465
1293
2277
2661
3040
4278
2045
1733
3605
138
4211
232
854
4936
2617
817
1225
4605
712
4140
4184
3998
2102
2300
233
4746
1949
3399
934
4369
5148
5805
5622
3581
1055
5606
3520
1090
6785
1393
23
435
6804
4213
6271
1980
1261
6993
397
6228
3075
3098
6352
5745
3581
2691
2135
675
733
1638
4237
688
324
6558
6602
4182
4373
6981
1391
1444
308
6445
2532
5826
1718
2507
3919
1786
2469
6550
6709
1985
5250
3151
1444
1627
6706
4021
5624
223
5975
6723
1618
5932
2061
4230
216
6936
2854
4352
5661
2800
5587
2365
1017
6904
3695
1254
3365
6859
1310
4746
2161
5070
6170
6958
6877
5494
4754
6437
6591
5555
1576
5604
6037
5780
5117
5105
1444
6831
91
1275
5444
2666
4722
504
4756
4652
1749
2021
5518
2148
1196
1258
5237
2545
3513
246
772
3896
6517
5994
5702
2227
1750
6823
3647
2960
6803
6517
5090
6942
5744
4903
6356
6863
5555
4561
4853
3259
3338
4697
2243
1124
2300
3640
6136
3158
6411
6884
6193
6523
6750
1006
2483
3750
2926
1794
5239
3848
87
1927
710
2526
730
2491
5106
4581
128
4820
5576
5854
3106
1349
2848
256
5050
795
5970
2365
2553
2781
2661
2548
4931
4759
983
3429
6053
3512
4548
5424
6331
3192
4299
3336
4070
774
6853
2900
1428
6238
2143
804
656
5494
2192
443
5903
3291
4632
411
313
1403
3071
2723
2666
3444
5216
2559
1517
5270
958
1182
5663
6139
798
3895
1125
2034
1794
1964
2983
3970
2638
3543
2845
1505
2278
5175
4091
168
5296
5577
3892
5717
3805
712
5661
4024
2606
1280
48
3666
5423
2791
5658
1791
5428
2863
6302
3791
30
1795
4237
6787
4263
4468
1757
23
5479
6104
4294
5667
2126
5605
5731
303
5969
5508
1383
4646
765
1282
750
2556
3610
3505
3163
4873
5650
5072
3244
6833
6481
2645
1517
4279
4896
3396
1881
6655
1970
76
3439
233
6183
370
1183
425
4683
46
3137
1269
3900
5382
6435
2708
5927
4923
3355
6405
3060
3438
2595
5510
2181
5614
514
586
922
3069
884
1143
1759
3468
1121
892
2668
1048
5111
4330
5157
3152
3854
5328
202
3809
2649
6968
5416
1347
3483
6221
4913
3052
4883
4625
993
427
2603
1129
3728
3353
815
