1438
6907
3448
265
6830
4712
3006
2737
91
5776
7746
6024
678
2540
6875
3338
1095
6791
6133
973
5037
1120
5207
3911
6760
5008
3428
5602
1982
4610
2766
5159
5014
7748
4993
7228
4466
3476
5917
7145
1354
3488
4332
3799
5418
2812
2974
2121
1606
6011
2166
260
5416
275
2687
5284
1416
5239
1292
1391
3940
241
1995
6626
2341
1496
7873
1148
1452
4990
6809
5891
4472
3205
5486
1470
1170
5271
6641
2821
3615
3497
7457
102
3726
2074
7490
1079
7785
7816
859
3977
1055
7881
1132
3196
7811
400
7909
530
7115
6365
3307
5912
61
5330
7250
7366
6261
3455
2325
3785
3209
7946
5582
6708
7762
4132
4699
3025
2375
7798
3837
2725
5830
6925
3805
4997
1079
1857
3420
6090
7276
5501
5836
6896
1485
430
1035
398
2181
3002
6517
7585
4186
40
2630
7397
130
5668
4966
5916
2287
7392
2738
1590
4602
1966
6428
3189
6679
4627
4639
6521
7961
819
6117
5684
2233
21
532
3210
3765
365
4277
1040
6060
5352
1723
6516
3424
633
1793
4409
5144
6064
4365
5096
3525
6034
7705
4348
329
4697
4722
4607
3336
6121
7579
6866
553
3861
1173
6622
291
3549
2910
213
7666
6083
1018
5774
731
78
2031
5386
3534
6969
3005
2997
110
5074
2948
5002
3615
104
6631
2871
4176
3792
2208
1264
4872
7907
1361
4560
943
5512
2447
7180
7742
3789
5022
6017
56
2239
5862
1957
999
1161
7304
7246
4835
3682
2346
6720
6008
1668
7859
237
2057
7206
1239
6006
766
5084
7643
4765
6851
4034
5300
6874
673
4619
2375
471
7355
2686
176
2276
6787
3142
7019
4494
1802
796
5822
4145
3389
1917
4132
24
5481
4048
2731
5344
7893
4385
6913
4000
4992
2428
236
4357
221
6683
1732
6394
5078
6780
3829
4636
904
4802
5388
5268
3192
2846
4761
4269
5404
1729
1689
7092
5346
1824
4357
5875
3073
6183
5035
7711
508
5221
4521
7144
5930
5479
6124
5247
2337
1862
1026
3597
4765
3972
6065
2776
5693
24
7897
6597
5621
689
4707
1768
7580
1988
3842
1044
3729
778
3460
6747
6647
334
6748
1858
3523
2173
1540
6414
2180
7558
6810
3638
1722
620
1993
6140
6572
6621
7552
3035
4270
4081
7623
1985
4769
6857
1542
721
4117
3759
4740
917
669
2187
3760
2167
1369
1330
13
2439
3086
4484
5241
3003
7350
1731
1521
4150
1039
3576
560
1404
356
5375
7366
6479
6511
6881
701
388
2476
1351
3123
4236
5147
6749
3868
3147
7499
2999
3628
5787
5890
4626
1070
3495
2671
2040
1084
5301
7516
2810
6280
3930
6732
197
7872
5207
3674
1757
4645
6059
7801
7545
3993
3949
186
7628
2299
1689
4810
1636
2371
4251
1593
6576
3759
4263
7722
3292
5522
117
6874
1798
6976
615
5406
4611
7408
4579
1873
859
2883
4236
2285
5781
7915
3098
1126
590
4339
2930
1321
5977
2768
4602
1053
5019
4124
1594
5174
7226
4272
6197
2730
5356
3007
5864
3089
4630
2179
1481
1106
6915
7323
7618
4734
708
5241
1442
1295
4198
5168
7767
3869
7847
6865
3794
1732
7713
2110
7961
3873
6997
5616
894
2511
7474
5969
2427
3253
19
4877
3044
5604
697
5296
3922
4103
2191
1773
271
2048
3496
3244
3448
867
972
761
5477
158
1334
2740
182
3026
1113
4332
3790
5637
4403
1799
7996
7007
696
7037
4865
2968
2368
5981
2151
4952
7793
2450
943
7093
386
7858
5434
6908
3785
1022
192
6422
7363
6457
7445
2108
4888
3336
2043
5157
5558
1835
2721
103
1230
5019
4274
6864
2905
7845
798
2038
7328
2706
2584
2616
2008
4163
4907
5472
501
6912
7045
3706
2814
6178
400
888
1973
2706
2644
4823
3282
3098
7390
1638
1781
7895
7967
3912
7643
6348
822
7859
240
4625
5996
4455
3982
5712
4354
7580
6565
5000
913
4488
3281
1356
5925
2425
7652
4929
5107
1667
3564
5827
907
7329
4706
2523
7760
3114
360
2773
7603
6925
7353
4528
1022
7915
6378
4947
6247
6770
5661
6698
1380
2976
1424
2713
4447
3976
759
530
2074
6394
216
3412
3222
6884
4590
6678
4839
2134
4546
4316
5371
1548
5367
6290
4475
5954
880
6400
6283
2637
2752
5774
3344
3284
2379
4791
594
2557
3041
5397
3121
4836
5432
393
2491
3091
6701
4846
1883
7573
477
1716
1024
4194
188
4542
2815
4171
1557
5782
3508
3645
144
4144
2781
1243
4073
1202
1337
295
6356
7764
4308
3990
2738
1706
5395
6867
856
6159
6975
4499
5534
6137
3076
5562
7489
6534
2658
769
1480
7567
2515
1222
5953
5836
1025
4957
3967
2647
7709
4178
2729
1363
6629
1832
6122
4831
5410
1900
4391
959
3895
1013
3251
7378
2097
6927
6237
5017
6941
1072
2892
7045
2488
1786
7659
4846
2279
516
5748
5073
6767
4624
4745
7819
4151
1400
852
5481
2068
4200
4370
736
1502
7417
2902
5241
1274
2603
4005
1882
4513
2368
7546
4746
520
3313
528
6414
6685
443
5135
100
3132
1222
3716
604
5038
2544
4613
6894
4169
6040
798
7502
1603
2367
3771
5714
2997
5533
870
2389
7405
6140
3416
7604
4733
5598
5020
5887
4122
5615
4864
6499
2109
4698
1616
2937
241
5230
371
1503
5748
1473
1206
6245
6088
3128
6513
3366
1078
255
5508
6069
2341
667
7045
1653
5701
4895
2245
7626
1549
4151
7230
4307
5756
4280
5221
6825
4640
759
4378
7589
4148
4800
6672
1598
1064
7273
1976
7096
2772
6755
5937
4784
3997
7289
1299
1120
1392
2253
5629
4179
5407
5046
5419
6180
2168
7594
3581
6777
3573
968
1831
332
1230
5248
7053
3900
1099
2083
1039
1559
1112
2611
2240
3214
3461
3601
5329
5167
1029
755
6199
5028
4431
3419
7710
3792
69
5901
2520
7206
4822
4901
2367
459
7955
2124
1559
2241
3571
6602
1896
6696
999
4933
5756
3134
2738
471
7236
5133
2767
4999
4738
4683
6705
1189
2173
7665
696
2603
1872
956
7212
1776
4300
4964
5126
5270
1867
4117
3707
254
1763
3276
3925
7132
2991
3333
577
6129
579
1319
7673
7979
3721
250
3192
808
3582
1319
6569
3327
7936
1343
4465
234
7429
4658
2404
937
4313
4223
1357
3054
4225
2011
6587
2814
2574
7646
4435
7052
595
1465
6706
2094
1912
5040
1245
6681
159
2117
4464
7915
5901
3291
3237
4379
6224
2188
5965
2623
4038
5317
311
3279
4068
2055
1863
1177
2850
3651
3073
4472
6993
4340
2062
6282
6073
5421
5540
5808
7722
3446
2511
465
5669
2441
3145
2651
7003
4092
364
1089
1391
2522
4960
5592
32
3887
6836
5715
2104
5660
817
1068
3933
3567
6848
6003
982
3253
4100
1600
7408
3862
2084
117
4432
3274
2533
553
7581
1849
5037
1104
3424
6482
6421
552
4541
3529
5671
7422
3154
538
576
4665
4807
5055
6299
6047
7282
4631
6465
5491
1620
211
7700
6948
5026
4935
536
2216
6385
4056
6707
7822
1832
1336
4270
7698
454
5668
7064
4429
6692
371
6027
153
3085
587
2065
6260
272
2859
5179
4432
6251
4307
915
5174
295
6270
3247
3767
3723
6150
7440
3169
618
3649
7059
6597
5366
270
7495
2296
1921
210
3898
3379
4428
3739
7788
2428
6819
2297
7344
7577
4618
7790
6147
6261
7689
4286
2204
554
3850
4881
7172
7674
4302
6268
4524
4940
3215
2190
7175
2893
4685
3290
5178
6782
2865
3039
353
6691
4124
6684
1894
5249
4166
4847
1996
5901
2571
7191
1934
6711
7959
1266
633
7455
3330
7273
332
922
3707
5768
6337
839
6234
1914
5007
3189
458
881
7371
2376
2061
4668
961
7122
6125
5769
3259
2468
4537
4669
7004
1798
4893
4361
7994
3779
1689
2539
7457
2288
7972
5486
7617
750
5736
4859
6741
4893
6053
1535
2894
5912
1076
3029
5867
3229
4868
4811
6675
1199
6931
3435
6163
5090
4564
5404
3058
5518
2668
1157
18
2171
787
2864
5745
7202
5883
7157
3935
473
2150
72
3651
6050
4988
7404
4234
109
7675
4171
5501
5535
3407
4538
1298
5596
4873
3563
7489
2879
1905
5565
5643
5340
5250
5886
5554
6049
3891
5775
7640
3442
1026
1906
5008
7279
3939
2291
4996
5475
2473
1081
979
3699
5516
6019
1093
5234
5961
5105
6893
4413
6878
751
3834
4208
1652
3941
7288
6327
3499
4098
1024
3734
5628
3021
501
7267
2108
5527
1528
3345
5952
315
6548
4294
6349
7046
2062
1748
2360
5583
2683
147
5075
1831
3763
7509
4626
1913
7445
4956
5500
7803
6222
5646
1964
2491
7477
1255
7705
4455
2799
3929
6428
1693
3588
6235
644
4788
6041
1972
1662
4736
1764
3788
3270
5742
248
7765
5073
6875
6918
7197
5602
1857
965
1471
7695
2213
6476
6687
5169
1980
4775
5064
1358
2845
2313
6995
1489
117
6359
7875
1960
3651
116
1482
3383
705
565
3330
4316
814
4787
1107
329
4155
2291
4478
5729
6789
6341
6746
7459
6784
3365
5599
2767
5670
2745
4789
7734
5053
574
141
1308
7373
7842
3807
3751
2748
706
1807
6181
1376
3506
6595
2211
3902
1147
380
5111
4461
3623
4337
176
444
7754
7930
4558
2407
2528
4259
6614
193
7727
2751
6392
1899
1851
3314
2816
6662
526
7051
1258
492
6705
6988
7221
2843
4557
4662
4594
4193
2915
2744
5273
4281
1371
3831
719
5868
2658
6509
4544
1528
6181
1341
4302
7887
7324
7405
2570
6614
1867
1753
855
3032
2978
4598
2267
5710
3972
390
7342
1129
3709
2646
6437
3535
1234
213
7076
5558
3402
2216
6161
566
7045
6050
2383
3147
1244
717
5906
7562
7053
4515
5016
3594
6991
2000
1309
6736
2498
7878
1026
3941
3944
3333
4620
4985
6073
6209
7087
7929
604
5339
3656
764
6307
5255
3806
482
2599
3877
6226
2412
706
2445
6519
3879
5644
2844
2447
7941
1070
5678
6096
4391
935
7085
777
3775
3368
1460
2102
5306
7976
1123
4356
90
5361
1872
2466
2529
5535
1007
3793
7286
5429
1989
2848
155
4420
1655
82
655
6169
3269
1991
4892
7911
5701
4425
375
3118
7440
777
2994
6385
1372
7214
5585
5547
3274
3837
5668
6846
2248
2525
2276
5873
7130
172
4731
3219
7865
7608
5391
2012
2058
4181
1304
1626
5491
2074
4719
4428
1240
3575
492
7741
7083
2437
5116
5744
6000
4749
6942
5205
3064
6217
5448
713
4628
1503
1141
2343
5666
6864
2390
1845
4773
6
5668
205
3242
5084
4416
923
929
7226
18
2846
1550
2095
6510
7056
6260
2620
6025
3804
3883
7171
1146
7068
516
1142
1595
7918
4562
6301
2502
6755
4762
3673
1202
6640
6213
575
3134
6954
722
5136
1741
1889
5453
1124
3562
1915
3751
6406
4670
2013
6126
5238
1796
3955
4461
6914
3724
717
7590
4583
2218
7318
2118
240
6842
2735
7260
3564
7217
3240
6817
3225
4183
2914
3478
5358
5318
3031
11
1884
4530
3270
3950
4062
5450
3696
5282
4724
4469
1216
1994
6366
3952
7660
708
5975
6227
5651
4552
2607
3194
4897
7638
5675
7728
6351
5778
4944
2656
2367
7240
3390
4729
2780
2465
726
964
5961
6009
4232
3136
2149
5299
3741
1837
6282
6513
506
657
1673
726
4584
7049
1156
5692
7875
7662
2375
1427
2413
2150
5612
6806
3947
5873
4788
1286
1192
6730
4355
6901
5502
673
7511
4050
1375
2705
7744
244
2521
1209
3802
7478
3556
3553
3340
3993
1622
5823
3583
5940
6247
3018
6585
7590
9
4041
7815
5404
1808
3811
7191
7173
720
2513
1770
376
7400
4005
206
2159
2586
3140
3595
5068
1638
4166
2243
7684
3940
4441
6311
921
2494
543
3101
3252
6209
170
4649
5273
6227
1264
710
4082
2879
386
7905
6893
7826
6422
5529
6702
6395
1757
4251
4287
5856
5813
3548
5533
2514
1057
497
382
1699
4480
2604
2074
7391
7846
1773
2636
2129
4771
2022
5940
2246
4878
7048
2223
1606
1117
7396
1657
3372
2482
1708
979
4322
7296
3650
6943
7809
7002
6253
2207
1634
5581
296
5046
7841
144
693
6850
7754
7449
4210
6890
898
5267
5556
5074
4722
4254
6033
614
5692
5655
4651
1320
3481
4817
5262
513
3462
7851
6536
7560
7156
3179
881
7655
7770
3309
3643
3800
7312
2762
3266
6434
7128
6695
4813
5734
2353
4159
5347
4732
2525
2897
5490
7044
5350
3861
4756
1987
1423
2675
4548
2997
6996
7021
3900
3350
295
7425
5760
1017
7422
1607
4013
3040
7019
3791
3740
6145
5272
7283
6071
1985
6897
1096
7725
720
7914
7917
2328
4362
6123
4416
1892
1084
5001
416
7944
3362
260
5046
6594
6275
14
3957
6872
6344
5266
4469
2946
6796
3418
735
2045
2528
389
6945
4384
865
7644
4857
1692
5053
4145
198
1309
7923
4790
176
5823
5197
4325
7071
5458
6422
3235
1824
7977
5665
3616
4845
7283
4457
1274
7228
1805
1183
5623
6369
3325
3410
6564
4878
7920
4280
7428
6481
4850
2672
7425
5593
3277
3015
4747
416
1285
3298
7633
6250
4046
5744
610
7303
6546
3818
465
5934
2763
1862
4364
6866
6446
7162
7976
2986
829
4926
7004
7218
5998
7105
6849
3779
1689
7027
1186
849
861
7455
4084
941
3962
7329
73
6989
448
513
6249
6054
1868
7244
1028
6040
1161
6489
7070
5826
1250
2864
3971
7246
2455
6048
776
3721
7767
4660
4238
1139
6005
969
2454
572
4050
5666
6556
3724
2750
3318
7454
5954
2548
5241
4509
5595
2903
1388
2154
3595
824
2826
5857
6973
6011
7455
6334
7497
4020
4553
3384
3435
4330
4478
5418
2248
2732
741
4471
978
1401
3002
7975
2861
1563
5245
1734
126
5650
7328
6703
759
3864
6560
62
6383
5480
3408
2469
2110
1505
4680
5171
2552
868
5998
1211
3802
686
4513
145
7088
3330
834
3152
4293
856
6283
4428
6577
5518
3488
5786
3007
671
7831
2859
7524
7817
4259
4986
6018
6242
2579
5667
4141
153
7306
5296
5928
3670
6256
6132
1872
377
1393
4241
6934
35
4266
5145
7086
3864
39
3281
4885
91
1243
4680
6248
2483
3912
7654
6950
4636
5433
4617
3880
5545
1652
2632
7023
881
2545
4354
5729
6928
3403
4903
2793
1534
5771
5533
6443
152
4409
4550
7325
7076
7800
4543
2203
2494
4668
4185
6209
1785
3322
3454
691
2476
5651
3457
6620
3233
7100
2713
5563
7065
6573
4138
6250
2944
1967
574
5775
6466
6629
3061
3186
1674
856
5497
2680
5320
4091
1089
5346
3826
4381
5594
5169
7158
830
1534
1437
6443
4958
4273
2200
6908
6650
4285
6779
7123
5413
4158
6240
1472
677
5745
6251
5341
1448
4946
934
5121
2678
366
5394
2034
2287
1253
6758
6466
4376
7155
3077
7938
6252
150
1712
4834
4113
3522
6017
3142
7080
2879
3564
6853
930
7364
4320
5858
7104
908
991
1630
942
3186
7531
7097
3414
3511
5206
5685
7020
2385
22
2844
5759
6851
7004
7190
1899
4938
6527
3676
94
70
7639
6043
97
6645
1440
4822
999
7469
5163
3261
822
2083
6399
928
4093
6254
7937
4245
621
6933
7768
594
6607
7741
4093
293
4998
2589
7736
951
6516
6281
4621
3495
4092
1404
1838
3155
5214
1400
1708
7344
5244
1774
7551
6137
1218
1358
7698
5299
6327
6916
5858
7047
3044
3900
2641
4801
2098
6463
691
3395
6055
365
2852
6152
2156
2638
2200
3075
5875
7708
4881
2533
398
533
3348
997
3553
6627
3598
1315
3704
6908
5031
1373
4758
7708
6738
5269
7472
6658
7111
6757
7312
5422
1674
6103
3826
2287
4633
459
7504
2016
590
2523
4873
4884
6066
1213
7735
7427
1961
159
7
2540
3834
5453
5759
1611
1336
3555
6431
1716
6574
6022
7640
6613
7678
791
2618
2048
5703
6575
4694
626
2878
7383
5594
1759
2834
4316
4984
5081
6120
4067
4027
3346
1210
1521
4481
6838
4154
4559
3477
7203
5763
4792
5238
3026
3450
76
3284
5754
3301
2813
7629
715
1242
7312
2761
6841
3458
2736
6544
6555
2236
2144
7657
2261
111
4821
3592
7084
2989
2163
3257
6936
2972
6428
2008
7630
976
6148
6956
861
5498
4960
7418
7458
6501
325
3302
6223
4951
2236
7176
6343
4754
3720
4637
5624
630
2102
2725
697
4598
7592
7268
6627
5768
5912
2692
4363
7662
5061
837
3076
6465
3997
7802
2035
4850
758
4240
1981
726
2473
7027
7184
810
7523
2047
3764
6760
2566
7549
927
7398
3211
3237
2651
2836
2676
447
6095
3856
6721
7697
7928
3580
1479
1654
5712
6033
3175
6731
5667
594
2764
4130
2152
5526
5797
6131
210
2205
4759
344
6143
1443
4601
785
3
659
2481
4207
1807
663
3500
806
1689
7660
6997
5221
3148
366
7276
3279
4186
2832
2859
7147
7898
1158
1071
128
6479
6586
6681
5902
6461
4394
1476
743
5231
5437
5723
1119
5025
5481
363
324
6528
4321
5209
5223
7369
6475
4650
848
4129
4438
5130
2482
943
7374
2388
3359
1360
1727
5466
4321
4812
3814
1804
1367
3265
5690
5877
1978
7370
1208
3179
2463
1996
3107
4048
5997
1144
4688
2088
175
297
2923
1674
4814
39
220
7264
2617
2935
5658
822
4183
1369
1094
7237
2493
7943
4532
636
73
3504
6111
6480
4610
7604
588
2797
427
4883
3956
5996
6805
3629
909
1970
2531
2837
225
3438
7065
2006
7944
4591
5843
1699
2686
1173
5228
6761
5653
6317
4818
5235
3882
4572
4067
3729
7139
4483
3088
405
821
1490
6185
3956
3920
4000
7644
3413
2455
4834
4449
3804
7347
5066
1191
1877
6261
3225
5568
7631
7412
345
5453
6589
1670
826
7235
3737
6724
6682
5522
2516
4951
1122
1430
2518
7120
2195
6304
3342
2753
4716
6930
4538
241
2649
221
2133
943
6205
4482
2774
7664
6515
5018
4211
3951
3027
1151
3683
3598
3557
718
7771
7550
484
7368
6510
663
357
4743
1839
7750
5078
4477
1354
6200
6218
1819
5660
5888
5627
6622
2064
4893
4190
1304
6204
1473
4414
473
7269
5236
96
3969
5510
1679
7735
2328
7156
5124
3129
2756
601
7251
4157
5552
2279
4280
4106
1624
3414
1703
3426
4773
3689
1826
2460
3946
7727
2300
6101
2299
4213
2002
4412
7018
3950
3133
7152
5051
3749
1293
3860
3401
6297
7310
2820
7442
2004
1395
5281
6412
5404
7572
7621
5888
6952
59
695
2197
5566
1745
6470
1073
2112
5642
6019
7820
7646
2593
7244
104
3449
5797
7577
4165
4417
5116
3357
5223
1936
1762
2687
4514
6410
7471
4689
6955
123
755
5234
2773
139
3387
2298
2421
2614
365
3473
5585
5848
5230
318
2723
4355
5677
5606
6931
3902
1956
271
3557
1053
1034
7636
2685
3258
2927
601
2378
96
3498
152
7387
5501
4535
1114
5329
7128
4213
358
1380
5967
6690
5345
6270
831
6124
4496
2091
5634
785
1302
836
2911
4408
3757
4252
5933
6049
6556
5038
4542
1771
4434
5803
5356
6215
4696
7031
1096
3613
1429
6565
2951
400
4554
5621
810
3562
2201
7767
6451
6954
7912
7377
5966
6124
6943
5061
2597
5684
7377
1926
4647
363
128
612
5565
2991
1292
2261
5918
6711
3981
7244
1283
2284
4130
2913
1300
1316
1013
3627
2262
1137
7293
722
7638
1113
7682
7841
4549
4046
2310
3308
3059
6146
1255
3157
2970
298
6189
859
2399
671
257
44
4979
1975
124
2362
2636
7132
1978
2971
6005
4233
7379
4299
2771
1279
5018
7902
5238
1982
1523
439
3504
1957
4809
5716
4736
4686
431
2461
6987
734
5947
5273
4931
7104
4498
2142
7534
1505
7030
6684
4617
5189
2976
1516
1913
6107
6590
6875
5880
3958
1428
2018
691
3022
6884
3944
3598
4403
500
1687
514
7289
188
1670
1318
1383
2847
1740
4632
6484
3257
1089
564
7828
3418
1718
5025
7623
7934
2293
1536
1477
5911
6964
6753
6809
4451
1881
995
3790
6325
5790
3253
7606
4095
5798
7115
3883
3681
6754
1175
4756
7653
3150
119
6241
439
2145
4626
1661
4583
5523
1904
2935
5629
918
2816
1650
5814
4642
1135
276
5179
1103
2516
6420
6205
2763
3743
7462
6338
2839
7752
7077
5719
2081
2235
5057
2919
987
7443
584
6919
1316
7609
6465
1654
7876
2697
2157
749
1968
1772
7622
2591
4759
7570
3672
117
6424
4631
4300
1297
4695
5188
4042
7413
6662
7616
6163
2110
6461
212
2228
915
2168
1517
1495
7919
6482
4671
5789
1819
2468
2268
6732
6559
3344
1486
3343
7722
6767
7685
1560
6296
5607
2602
2597
3311
3572
7545
6055
4386
840
3930
6644
3470
4000
4942
4143
2494
5605
3478
3550
3345
5285
1052
738
5820
304
5192
6274
5966
234
6439
5077
405
2938
4038
1482
5138
831
7556
2752
5358
853
3354
6877
2497
6313
6662
1916
645
1658
303
675
5402
3061
7002
4915
1116
2870
1962
2776
3121
3454
501
4833
2240
3314
6318
1275
2865
2594
4106
5913
7062
6871
4346
2190
998
3476
6862
2760
7980
3352
6146
67
4103
2618
2248
2436
4161
1921
7013
5652
3206
5184
2631
5677
6586
4364
1062
5163
3457
2869
5471
4843
2351
334
3471
3409
1193
6163
6762
2647
2754
7683
3303
4571
1209
2409
3170
2005
5323
2797
5558
12
2048
4402
6817
2737
5406
7466
4232
4159
1138
4275
769
1424
4814
5880
1425
940
3809
4874
5409
2332
4213
22
2078
7570
7011
496
766
272
3592
2309
2243
4991
7948
4081
3663
2909
3903
7705
7961
229
5367
875
4496
7560
5624
5885
1596
4361
3511
5113
4567
3204
7335
4274
125
7364
5088
6070
4492
7559
5237
5410
289
2710
7076
3952
7587
6355
7092
5302
7438
2831
4999
4229
3981
7343
4195
1137
5971
6780
4130
5061
3076
6776
7963
20
580
2748
4605
4862
5613
4513
5368
1131
3150
3817
1910
7894
2114
730
4209
1221
580
3636
1523
16
7871
3023
2176
4595
1279
6103
780
611
5188
2560
7283
766
4351
6944
1595
6266
86
4892
2183
4357
6243
1302
7197
2772
6220
5966
2779
3375
1856
50
2586
6352
1631
2422
537
106
7654
2253
4186
6692
1160
4709
2825
732
6921
6337
2379
3996
4326
4444
3330
4775
2335
1399
4117
327
4862
3833
7385
270
446
7986
7583
4604
7974
1766
6847
1494
5167
6637
3553
6303
3534
577
4914
2518
2689
369
1241
6960
6536
2358
5206
5224
6822
6648
530
2030
6507
4817
5022
1271
4913
3343
5848
2484
1557
5887
7539
1858
2816
293
4437
408
6026
603
3621
7390
901
6832
2070
3266
4456
4975
5264
2234
4426
4577
3884
963
34
2167
1068
19
1660
5019
3942
1888
6007
4976
3289
5049
4141
6327
7729
3909
5177
6205
120
6139
4732
5146
4376
3904
7048
3911
7023
7115
5182
5789
126
4384
5894
2489
7099
509
5517
5322
3318
840
5722
6362
2528
3243
7380
3461
2395
754
4143
2319
1697
5884
3373
7583
5604
3718
6870
4383
782
707
6877
3332
4798
5188
6674
4406
7645
4466
3184
5447
5521
7790
1958
4483
7794
2567
2218
7187
7830
2849
4573
3984
2755
5533
3324
6399
4217
409
6841
7044
5220
1533
3199
5096
7693
7564
1330
7827
6169
5776
1453
7187
1874
6771
3465
102
6576
298
4863
5348
244
5870
1882
3858
3683
6305
7241
869
5908
840
5302
7488
7211
6367
3620
6253
7035
1971
3106
6626
6276
3236
1132
4455
2322
5312
4897
2884
338
1527
840
1182
2476
6286
6368
6632
5217
3750
4751
6143
7485
2794
5203
4537
3055
2767
7126
1432
1640
5298
7900
72
736
4970
5003
831
4702
6960
2363
7373
6141
2553
5007
5875
6519
3820
7842
5064
3753
5949
821
1803
4482
650
2726
1078
3067
5289
6418
3764
6435
1387
7715
6361
1150
6471
7972
5311
2145
3723
351
6188
5437
3823
5929
3089
2276
2371
4749
5125
5695
967
1224
6286
3490
5202
7521
7207
6812
3923
2216
1790
4238
7059
4462
1214
5629
6941
6464
2172
4735
2901
5582
170
4039
159
4228
6580
6807
1175
1973
776
6277
3360
3247
5953
4061
5956
5475
1624
1295
7409
2125
4587
3296
6208
6956
7928
6752
3312
357
5371
6483
4016
6558
6654
7480
5261
1659
5415
4159
1573
3036
3175
6132
3812
30
1852
5007
5753
7803
3402
2334
4311
784
643
5368
824
4056
7006
2501
4004
7234
2488
7993
1130
4812
3678
4792
153
2011
3620
3991
2659
710
2128
6207
1922
6054
3795
292
5014
7705
106
4380
1177
1351
6156
4659
7387
3925
3663
6400
7106
7878
1274
3224
5284
1525
1546
5302
1437
2766
1361
2659
195
3361
7583
4210
2743
2306
4530
530
1852
2647
6239
5775
7296
3610
783
888
2521
310
3000
4457
6071
3628
621
4852
6171
7851
6719
6416
6639
5128
4663
7554
294
2986
407
2815
4623
3113
4969
6021
2679
5527
3961
6595
6650
7146
4810
7197
319
3347
5104
2086
3933
2269
741
6156
3767
1631
3338
2409
5216
2915
3457
988
653
5349
5610
2066
6967
5072
6057
1119
1895
294
6599
2060
5407
6953
6269
3978
6726
7939
2572
4120
5885
7473
5486
2769
5184
5162
5783
2182
5304
4004
2180
1385
2157
1631
7441
2202
4284
7400
7699
3709
7071
1941
587
948
543
3941
2537
4249
1538
4062
5847
7759
3395
7487
2636
7454
7894
1584
6119
2825
3502
7407
4680
1528
2742
2419
5541
7755
5041
6506
7063
7276
735
878
7576
770
2558
766
4341
4421
452
3519
5558
6512
5719
7420
3728
4303
5087
237
3536
6163
2826
7112
6831
59
2429
3344
236
698
6623
6962
7592
3424
7748
1523
194
2301
454
5120
3746
6669
6752
372
7006
2547
4762
7745
5959
6171
82
7899
729
6005
2339
1300
3766
1866
7745
2689
6023
1236
2322
1348
376
1434
1212
4275
934
608
5903
478
7911
476
1278
6281
728
7655
1470
1719
7467
7410
5174
895
4884
7344
6425
7292
1581
1880
257
2507
3815
7804
4053
4933
7540
2660
592
4795
2363
2479
7669
7194
7412
3455
7338
7536
2101
1093
3658
2159
6198
1523
6806
2409
5202
7006
6900
2761
2873
6175
1501
2903
7524
1323
4696
32
3910
1442
3658
1417
7485
2329
3251
4091
902
2827
4384
4567
6890
2543
5102
3700
937
2679
199
1034
5344
1604
6563
3363
7572
6767
3899
7085
1493
2309
5604
2635
6426
5713
2287
2030
6679
1234
3308
1295
3298
2292
6201
5486
6542
7034
1179
234
1719
1620
2829
6123
1325
4758
4325
6044
4909
1975
5457
7927
7722
1833
1207
6561
6165
5394
4573
4969
1403
4434
5990
1019
7437
6994
3070
647
7244
1752
3078
2313
1374
6602
5819
4444
5804
1061
7898
3404
2018
1393
816
2081
1547
2950
1187
6126
1961
892
4107
4744
1401
4134
2248
1021
4760
2468
7944
3452
9
3187
3719
6509
5300
5859
2644
5322
7641
4188
339
4626
1247
4698
5508
7706
3454
4005
1105
3685
2071
3695
2491
4613
4849
2952
3590
3568
7243
4649
5196
6354
7344
567
5708
6975
1109
1016
1284
3623
4869
3319
5403
5834
5798
2092
5504
5021
3214
3125
2207
623
2094
2226
6128
6618
7897
5429
2460
7537
1531
775
4892
2937
3002
1171
3834
7905
25
2283
6892
506
3685
7425
4589
4684
5892
1082
5528
2950
1011
2175
468
7635
1166
532
2563
6200
2914
415
6838
1271
3196
5709
2340
6235
5056
4402
5052
4181
7716
5809
1805
6530
6714
5771
4315
7977
1482
2360
995
7061
3127
2305
272
3903
4323
5235
6136
1112
5948
1853
1559
5515
2134
4315
1313
5585
7963
4165
5368
4250
7915
5612
2312
6738
910
6069
580
2936
2020
7321
5585
7294
4664
4973
4037
5932
6455
3426
7502
674
7895
7521
6964
4763
1923
1198
2600
7337
1382
2159
250
5082
3292
7962
5395
3924
5382
799
1533
684
5135
4917
6442
6361
3506
1885
2897
1575
3925
6799
5685
2774
6453
6706
5561
3940
3457
848
6436
2188
7178
6063
3916
7799
7284
5439
5503
4513
4277
4176
851
774
235
6440
2446
6926
1793
2353
4188
1438
1547
7250
667
1602
3625
5933
3678
971
747
6335
3385
706
1713
2792
6065
1160
2128
343
161
6086
956
144
1853
785
5006
1648
6815
726
1759
3196
4447
7133
874
2429
2479
2713
7709
5871
5573
2491
6555
319
6262
5612
52
1588
3332
4894
5511
2496
4373
960
4225
2107
4638
2478
4490
6446
7430
4855
5109
2815
4915
1277
2500
7366
3200
6234
5863
6638
4091
3610
3754
6613
2851
1602
6552
7740
3358
6780
2644
3403
7694
6215
2815
4961
2626
5455
2145
1442
5203
4859
3873
7761
1290
6716
2198
1608
7451
1079
7168
5258
7482
7998
5263
3281
936
2643
6776
1387
6099
1791
4299
4778
1537
6498
2502
1941
2128
419
6471
6337
7861
1563
2835
2889
3908
1380
7884
1303
3122
7712
5987
3417
1441
6153
2646
6599
1037
37
3013
7658
5954
4389
3077
6793
7065
2323
3494
1638
5277
6779
5682
3983
676
5335
4745
849
12
3729
4778
5574
699
1759
4095
5174
1526
952
7423
3332
2887
1520
6260
4907
568
6273
4271
3569
1598
2376
3224
624
724
6861
3494
6282
2962
2736
6855
6762
2372
7028
7474
3002
90
7824
2633
5006
575
5783
3454
4329
4730
3524
5319
5794
4711
896
6163
5156
895
3355
2306
1735
2664
3165
7888
3588
7949
2434
7785
5284
1019
4627
7505
3525
622
3392
338
6590
5219
2332
6072
5049
6018
679
4361
7281
3412
485
335
5161
3532
3257
2389
2479
7810
4602
2631
809
5794
4536
2870
1264
1795
4189
6612
4517
7992
3657
2700
4845
1333
1232
2001
6417
6546
3665
2048
1460
1645
3087
3489
1900
975
4685
4874
5157
7
7355
758
4137
5382
2269
1241
4112
3357
3720
2474
889
4641
93
1169
5622
4874
7911
5236
1051
5
1476
1969
7790
2160
4175
825
5479
1355
7014
5669
2945
5474
4363
5799
4860
962
5304
382
2841
6535
1381
1482
2939
6898
7657
6787
7655
1421
2631
2347
3480
6923
7619
7258
5692
7724
6316
487
6023
3522
7865
6838
1693
6910
7636
6178
4140
6946
1643
6406
5966
2154
7014
214
907
3921
3040
1651
79
4934
6210
4393
4913
5307
7836
6869
4081
3134
5198
250
6103
2120
6126
2070
5424
4297
5889
3614
5456
3523
3686
6662
1540
4311
6146
3522
1532
2564
420
507
6432
590
2251
95
7390
699
2320
2618
3219
6026
7740
7060
7489
3130
6200
863
7626
564
3012
5621
3476
7208
6238
6889
5710
3946
1424
141
1249
2118
3007
5870
3260
4796
5522
1064
988
3121
4833
3750
3598
7016
2749
4840
7800
2722
5080
6981
6999
3921
6677
5672
1077
3631
139
4430
399
3625
1017
4290
1170
310
943
5829
2838
803
5633
3300
3598
1315
6318
6883
3107
39
3734
3159
6760
5566
1330
1120
7216
3870
2626
945
2464
1324
4828
5100
1528
6588
7473
180
6856
4749
6991
6261
2891
5042
7096
6015
7581
3191
3631
460
5267
923
2011
209
373
4658
1141
7337
6772
5978
860
7413
6902
364
62
3254
2544
7372
7499
5091
972
1465
3958
4111
1179
3019
3090
6240
7230
4165
7336
587
7621
425
5101
5635
6291
3744
6076
2896
3517
2038
1895
6072
4898
5003
6106
3345
6950
4309
6716
7423
2500
1767
3750
6100
4572
1159
3708
5310
7930
7793
7910
3290
513
5538
2539
5985
4155
7560
5026
6250
2154
7990
7972
2237
6988
1013
3829
7629
5469
7093
2279
1820
5568
4815
6072
5522
7351
3043
1123
1239
5957
4759
426
6085
676
489
242
4539
2359
3874
2858
2432
5915
6448
2163
7571
7036
3292
5571
606
4436
3768
7024
1961
4343
5510
4304
5377
1212
4637
3555
301
3236
6119
5947
13
7009
6566
4032
5849
2738
7399
7703
1381
7704
4451
1553
7243
5531
4833
1531
3836
5665
4112
5038
3299
3417
1035
2501
4987
6034
3320
1481
7499
4113
3400
6106
758
2732
1687
7627
7916
6683
6398
1016
328
642
6505
3193
6938
5134
680
4204
701
476
1107
5187
5322
4651
3713
5415
313
1965
6882
6775
4435
2626
1703
3463
943
6710
911
7368
432
433
5642
3732
5050
7817
433
5570
4501
454
3862
377
246
3860
7328
6641
7108
5348
1115
7624
7787
795
4638
2344
3570
3292
3511
2907
5308
7585
3371
6877
5046
2971
3614
5366
3628
506
3634
173
6534
5511
442
5893
6812
5155
2168
4475
3700
5515
2723
7053
6595
2883
4061
5820
3305
5968
6065
7687
5689
7505
4960
148
3544
4791
6202
4033
6128
6539
3014
2862
4956
7210
1090
3673
7510
5327
4603
5751
510
1709
3869
5517
7966
2751
1197
4526
1061
3504
7715
4886
4957
3371
880
1117
7216
2444
1559
1064
1689
5397
6300
2200
1990
5124
7537
5919
3708
6040
6660
5305
1532
6034
1882
4465
4886
3049
7850
1464
1448
2205
7103
6456
850
2476
695
154
5163
5227
7067
3830
2980
4294
728
5306
1508
1317
7318
2122
361
2239
979
7891
1392
7924
7821
623
1187
6815
6456
49
3602
445
5472
7534
2966
6571
7770
6702
3201
6104
2773
2111
2880
5316
3290
136
2101
1297
1698
4072
5975
6289
829
7180
6533
1744
7909
3414
3900
5666
1484
6102
97
2883
5670
2154
5527
1758
4312
2917
1979
3727
3263
7779
57
3579
4566
4371
163
4289
196
4991
750
6954
3249
3442
7512
1274
1530
7357
4365
3058
342
27
776
1735
2969
5120
2770
2232
2026
769
4315
4288
1749
4851
7843
6143
7255
5361
345
4070
1492
1056
4519
6133
2089
4127
6480
2626
4472
2886
2865
2067
2887
6952
18
5246
6687
5476
7888
4940
1895
803
6772
5866
4812
5608
1568
1228
3710
6859
7338
6548
6657
1579
2275
1593
2798
1173
5485
7
3161
1976
6055
4637
4930
7227
666
2756
2411
5081
3729
4765
3309
1092
4222
5319
2791
6990
6796
4135
5931
1878
5819
799
18
3160
6455
7626
4571
3213
4849
4852
7094
2961
7292
6274
7564
589
6092
5000
6010
6384
7944
830
6844
2849
5997
6752
2239
4734
4298
5034
6973
4794
2050
4093
7155
6153
7914
3331
6265
6345
1354
3157
658
5338
1862
2074
4216
3481
4767
2662
370
4159
7579
3701
7032
5429
7659
5133
5440
5791
1946
7816
7726
282
7310
3452
4948
5032
6334
6003
4373
577
2276
4677
3191
7467
4516
2875
1054
6332
3933
2462
3189
1415
4883
7336
5393
4633
4232
363
1647
1996
4384
4058
6067
5781
5567
4740
2203
5068
3004
24
4747
2338
2505
3475
691
913
3180
5154
5820
2834
5071
1329
7333
5723
825
4471
1391
2804
2662
7264
1343
6282
2363
2215
1010
5362
5206
3125
3890
1012
2361
5363
1088
4327
5750
3275
3851
2653
699
5808
4208
5150
6426
1927
4526
5962
6279
5375
5896
1283
592
4579
1096
5678
3949
2900
1514
5898
2191
2350
5889
1005
3397
3438
1786
5393
3503
7658
5129
423
2408
6226
5529
7943
4891
10
309
339
110
4439
239
327
6886
6383
5235
2710
264
3528
6609
4790
637
2210
6739
4699
1295
1405
1772
7693
1948
7567
5054
2509
4372
6890
6788
5614
4521
2488
2850
5875
7905
5319
6997
629
2810
1223
4763
3319
1855
7284
767
3257
5703
5699
6628
1010
5960
6245
3136
4851
2280
296
6089
439
4527
1387
7108
5942
464
4349
7986
5344
6387
3976
6608
1852
7496
2870
5256
6308
7011
1391
7704
6434
4914
6181
7208
1453
4240
5810
5158
4069
7379
4028
6286
4592
2789
3348
5261
4771
5033
6260
3508
5421
556
191
4979
5458
7756
3875
7467
1365
2072
6762
3133
1611
509
3979
3329
6127
4461
1834
6554
644
2576
3563
450
2182
7741
1732
2998
7603
1351
3679
6978
1596
5043
6193
1443
7781
2824
3438
739
6471
1535
2482
4579
3920
2797
890
7004
7424
5154
1547
5610
2067
6453
6155
6535
2687
4723
763
385
3512
5981
1889
3883
3665
4052
3635
4998
7377
4969
2811
2552
137
2418
4593
2894
2861
3640
2793
962
5108
5803
2136
1771
3195
5515
1983
4975
5641
7623
7150
2877
6838
5088
2893
4376
6383
4881
3008
708
4382
620
758
401
1688
7792
2503
3779
7754
6454
3094
6642
6617
5719
1537
6825
4307
4515
6402
3935
5810
7146
927
7935
1082
3230
6247
4604
6472
6719
1084
4699
15
1393
1523
1735
2083
3161
254
1810
6468
4232
5045
5610
5455
7098
2158
2195
849
7238
214
5702
5730
1400
1382
6878
6874
5643
3315
7104
7040
4295
7694
4117
2603
2270
2801
7976
846
7564
3691
1693
3544
6183
4620
5275
2671
4086
6953
1317
915
3188
1245
7963
5758
3072
5812
3791
6963
6273
5493
3670
1424
2429
4186
4335
1507
941
5415
2857
7821
3195
4814
918
5710
4763
7765
7164
5526
4758
5738
478
5248
1065
7905
1808
6973
5067
7582
5724
4528
264
6893
5369
5981
686
3458
138
6016
658
1880
2618
3021
1266
6610
6295
916
6431
7693
7578
5483
3415
7569
5620
5813
1284
3659
7491
2517
5358
2742
1675
7507
2802
1535
4826
879
5044
6702
5288
2021
2374
5271
7648
4118
6431
7459
7801
3238
5225
3812
7
3114
5757
6976
5328
1848
4986
2217
6260
7540
604
485
3133
2594
5835
63
966
6496
2786
7293
918
3131
6882
3941
6384
7314
7184
5422
96
2994
6685
2124
3572
5230
6672
7504
548
56
7592
3243
1662
3175
6753
3114
708
206
4739
3551
2129
5784
206
6452
1100
5795
5324
4439
6882
5565
3339
2310
741
2887
2745
5602
2385
5654
2280
472
809
2235
5333
3120
778
3022
4428
2760
4189
82
2903
6414
3419
6168
7610
2780
6298
7220
7343
787
7769
2865
727
5684
3751
5880
2203
2588
5823
1982
752
76
966
151
1591
3289
995
3806
3687
6647
272
2823
2984
4129
4027
7684
2104
7519
2718
5258
1401
1686
4373
359
2536
4385
3498
1734
6221
1577
5569
4471
5741
4780
496
727
6839
2618
4257
2651
6993
7254
4235
1541
7454
1227
4025
6561
23
466
2248
7873
3833
4776
1899
2179
1681
4864
2086
2440
3056
5456
1428
7950
7917
4861
6773
7149
1150
1256
415
5458
7723
5390
2657
7605
3997
3784
2179
6064
6309
7716
5536
729
2775
1962
2959
3030
465
4074
6480
7635
6523
6086
1011
2481
5849
102
5605
6015
5144
1376
6340
2887
3449
336
899
2869
5813
3815
705
2880
3788
834
2964
1882
6429
1249
6421
5604
2653
1242
7025
4842
6789
3414
774
7301
4481
877
7927
4611
5645
791
122
6269
2859
5262
3881
1805
4079
7181
252
4071
2294
2967
3033
3534
2262
873
2855
7220
1537
5751
7824
3714
7070
2310
1461
6646
4493
6732
5290
697
4991
6048
605
3688
641
4445
5260
4313
3147
237
7911
781
747
4811
1544
5863
3012
841
4203
2838
4531
3904
422
6232
3009
2424
924
7498
2986
4418
6485
5286
4555
7925
5964
284
6680
221
1182
1470
2579
2004
1198
7444
7723
3314
4477
7140
1219
800
6218
2644
6492
3173
7498
6788
3451
3075
2730
4454
7415
3946
5823
5956
3713
1218
458
3776
2305
7154
1251
275
6414
5669
7100
1639
396
6604
3325
3156
525
7290
134
2103
1410
5414
5672
7995
3151
5528
7906
441
3995
3310
4652
1139
5358
6965
4695
5565
925
1461
7690
2600
5012
5117
2982
4876
2419
6380
1590
5877
5055
5684
409
7213
5081
937
7981
4556
2280
1758
3935
4055
3180
1094
2531
6875
7881
7441
3969
4956
7472
7105
5247
783
2369
7818
2481
389
1207
176
4725
4561
7213
7466
5094
617
2654
89
2403
4364
155
1825
2725
2732
1263
431
3380
6151
3555
1603
6627
4781
1514
3846
6219
7445
7695
1466
6491
4364
3102
1459
6466
647
4222
2636
904
3598
2054
3166
6277
6359
7456
6754
2459
7191
1996
4852
1597
1681
2915
2247
1797
6921
2348
3154
852
1333
5972
6077
4408
7671
3073
5308
499
7004
1641
122
1988
1666
1161
4009
4447
6793
7733
7600
4116
3177
4416
695
3298
3194
4237
4929
845
4153
6124
2079
5443
4736
3579
1410
3253
5614
6914
756
5956
4561
1858
5503
1927
1639
633
1285
4089
4066
7531
2531
6633
3265
1513
6380
3089
1732
7646
5329
2152
6144
5382
6535
4490
4192
3098
786
7766
1330
1897
1872
6723
4150
4835
1518
4388
673
6966
2494
6692
2697
4484
1627
7892
1674
1511
1815
2039
762
6088
1048
1510
2445
6696
1514
7598
350
7727
5984
500
2617
5246
7590
520
1517
363
4369
2376
4458
4169
2477
7965
2981
886
6292
4861
354
5817
418
1394
2910
4149
4732
3328
7058
5068
2224
2423
4972
4407
3
6138
7498
7129
3732
1898
274
2816
2036
2891
525
4500
3761
783
3881
7690
4305
3619
5855
6188
6836
4811
2948
6216
3236
4047
6610
823
410
6121
2608
941
7611
1198
7216
964
1726
3499
850
6610
6865
3448
2160
5839
7694
5257
6435
5281
327
554
389
4357
90
6463
5337
1833
3913
1390
4530
914
3840
4816
5014
6522
6669
3639
5366
4902
594
763
4132
6591
3432
4012
7033
2751
5299
5268
4051
4489
6680
5830
6861
6456
400
148
5293
540
5519
4652
387
6110
445
6965
174
3468
1570
5150
2152
2452
4383
7093
3457
3600
3267
3288
4757
3518
1778
4685
2533
2045
6851
5598
3836
1370
689
3687
1078
6011
7629
6544
137
616
2904
1091
2370
1014
4512
5957
3473
2392
5235
1048
573
520
328
4782
7103
1144
3496
6620
4729
1675
83
4297
1221
5561
2734
2038
2738
1440
3216
7372
760
1166
5148
584
5207
6610
3504
7207
4231
4085
1136
588
1829
6379
624
6787
2406
5752
4278
5387
6941
4692
2785
1974
2698
3773
3473
1239
6976
3029
2123
7283
768
716
4111
5801
681
5572
7947
5154
1853
3247
1162
6303
236
5094
4957
6466
3796
1828
4307
6044
3785
4152
514
3108
3181
6121
1068
2293
1676
6556
5519
6645
247
5064
1220
7935
7303
5964
7258
5845
1000
7729
3146
2755
863
3456
6046
2534
5064
1416
4051
3348
7713
5828
6630
2723
11
1591
5478
6284
4889
5543
4189
2627
577
4053
4007
6693
5724
5592
7324
4465
3804
2052
2265
3865
5033
6436
2256
2616
7222
5616
5075
6702
4559
448
5436
2692
2555
2863
5193
413
1895
3418
1500
4784
3496
5734
754
1265
4177
2534
1343
507
6008
375
3689
7591
7968
6218
6409
2517
1446
486
6099
7097
6665
2608
2967
3371
548
6636
5410
7336
3344
6388
2759
235
6657
7412
3569
1002
7826
4956
6189
5566
5767
1631
3670
6011
3840
642
6046
24
4264
4788
7619
6401
2776
5797
1752
2794
2689
987
1698
5464
967
3630
2247
2673
140
2384
5243
7574
6289
3235
6411
6075
589
4763
6925
6679
6542
4792
5007
3949
5932
1782
6391
4723
5628
5579
3219
5024
6256
3365
6019
7395
5805
594
4742
7730
5017
1071
659
4538
5849
815
5673
6166
6738
4557
4428
3708
4711
3661
5372
1992
7623
927
5195
1930
6585
5964
5782
3454
7210
4092
6477
6765
613
5928
319
6541
1051
1222
1395
6346
3158
3377
6233
610
4827
5242
4410
3305
398
6201
6355
5338
7029
6422
7087
3041
4488
4430
2942
2772
3803
524
7815
1195
6900
833
3231
977
6546
3964
1123
7604
419
1616
2877
5831
6848
7365
3070
3436
6713
4551
1952
2003
3168
6226
4618
5170
3258
3299
8000
5916
4653
533
2196
2824
7640
5525
5856
5605
7
3143
3417
6772
1189
7660
1042
2236
5257
1871
3012
1923
7061
4127
4185
2806
4171
6299
5159
715
6604
6460
2583
6627
5542
7251
3500
5125
2711
3643
1743
3865
41
2424
1003
1805
1733
615
1026
2203
6818
3792
4269
1891
2949
5142
624
5437
443
528
6599
4416
2905
5723
5617
4818
7725
7538
2180
3978
696
7692
847
2260
4196
1990
2732
5763
5703
6908
4655
4878
7252
7777
4305
5841
4075
5875
5859
3606
4953
5130
320
437
5653
4786
2270
87
1715
2997
5455
3044
2916
6750
4568
6407
4159
2612
4430
7077
4338
2721
7874
6851
1447
4260
223
477
7687
7321
1526
1064
1741
3086
880
3871
2948
2272
2690
4801
7839
2189
2665
4098
6417
3483
2813
1042
2483
3057
2376
7458
3606
4981
637
1166
798
7402
2909
5332
194
5322
4951
1721
5662
1714
461
7620
3334
1375
6196
6357
7914
722
6142
6643
2106
7836
835
805
5438
658
6815
5227
1127
874
192
1602
4772
6173
1252
6131
2749
6253
5008
1754
4439
2142
4266
923
4264
4046
5530
5566
969
640
6572
3719
816
7091
4408
1682
2736
2013
5572
1477
2828
6215
1554
2308
6038
3508
6470
3398
6175
2491
3770
5987
7061
3655
6019
3909
836
3941
4903
7478
5281
439
1724
866
7870
6610
4830
591
2388
7763
4866
7033
5595
2147
6147
5096
5310
380
2961
4076
5761
3987
4806
529
2699
726
6069
7815
6603
6270
6892
6325
1545
7108
6156
3608
733
6002
388
1371
453
1018
7202
6908
5905
2762
6949
1373
6368
4184
6277
5720
7005
3917
5211
3390
6957
324
5911
7567
7368
1092
5160
2519
4986
5528
6501
2583
6829
1393
729
912
6897
1351
7994
3707
6917
5934
746
5476
4825
5953
5261
7991
7045
555
1745
2667
1689
2743
2853
1772
2011
3804
1
2436
823
6365
2844
5352
6285
731
1663
7296
5658
276
4199
5253
3275
3039
4333
7411
3364
669
6421
2263
4445
7774
3750
6829
1605
722
1307
5484
5530
489
4344
2449
180
1653
441
3891
2103
7660
3761
2544
7103
5418
5284
329
7590
3163
5539
4375
270
4130
2284
6827
4732
1015
1699
2281
1534
5965
6227
3193
4114
4367
490
4124
1354
1979
1606
5813
5916
2841
2226
5866
6901
1576
2836
1440
6701
7668
3478
4217
1705
5695
7623
255
2455
1800
1023
3191
173
6133
4086
1809
3538
3567
3876
7893
283
697
386
6836
7181
950
475
3993
2271
2323
7840
2078
4768
4456
7698
7844
3088
4238
7875
7599
4135
2006
6063
206
2309
2708
2300
1476
237
6043
7845
4722
3709
254
5470
4942
7354
4878
433
6097
2627
5976
1223
5072
4572
5115
7132
6038
5555
3119
57
7537
3329
7947
4738
5307
5679
7070
4322
2997
5886
3449
3662
2288
3765
3261
7496
4720
1458
4804
7158
6601
5391
2716
6754
3864
6902
81
4663
6078
4287
858
5491
3875
5143
7649
3941
6706
7311
7055
3332
6940
6714
836
6579
1303
2213
4711
2020
7399
7318
6170
4510
618
6678
7363
7498
2387
2043
244
5625
5096
5489
3867
5251
1107
3347
1216
4656
3615
7085
1692
3353
3698
4823
4855
925
2777
3343
3244
2830
5519
4563
4275
2228
7669
1567
2850
3012
2778
3130
5728
2379
6450
6484
419
5894
1515
3687
2694
1029
3335
1634
3720
5031
2563
5908
4904
980
5735
6393
3526
2285
5349
1262
348
4121
4555
7635
6637
6854
5123
5105
7981
4802
591
4167
496
4043
7184
7993
6458
2721
2838
2466
2830
3121
3587
3321
7011
7679
3459
3848
2495
5058
3714
5699
7363
7444
5396
2176
5287
6457
3243
364
944
1642
4307
5026
3441
6478
3895
2881
1555
4482
7153
4890
842
858
1573
7015
3093
4280
2493
1145
7263
3823
3815
4046
7636
3474
3035
3255
4553
6346
776
5179
7981
7397
6020
4456
5862
2879
7989
5927
5374
3996
3616
5663
570
5441
