1236
4159
7115
3826
4133
883
1979
90
5479
6030
3751
2195
7468
92
2354
7301
2903
1462
7018
1008
2877
6943
3835
7752
667
2592
3604
8125
7848
1794
1478
4217
5187
8436
6428
4612
1872
55
4258
3908
5196
2985
137
7551
1836
8458
274
6116
6737
3598
8136
4788
6403
8168
7909
5590
1884
681
1728
5490
7137
5072
6633
2979
3316
3004
2448
8918
6835
7568
1189
6528
8705
8468
3087
3244
507
1116
6159
3024
709
5418
24
7493
5836
6877
1937
7095
51
1362
4090
2237
2466
1988
5159
8755
4114
8355
3373
1713
4783
6475
2492
4867
4956
3985
2936
7617
8638
1141
3657
4430
4659
6030
2090
1831
8689
5879
366
5179
3843
7426
6610
5708
4463
1528
4695
415
3859
6560
6329
369
3158
3108
4181
6154
7974
3253
7584
1686
5078
6310
4579
954
6294
280
4530
2206
1651
968
1949
7186
7093
515
3043
5469
5992
8349
8274
3791
3736
5504
8620
2841
2032
7847
1956
6113
8323
8733
5165
87
4374
7519
1342
7188
6781
2083
5146
5064
1621
7231
5984
449
5980
4975
7410
2898
3296
3698
603
4689
3040
933
118
8741
7341
1337
1538
2409
8829
8075
4778
7575
4635
7358
1959
6575
6749
4004
3816
5580
3998
3179
3247
2872
2576
4810
159
6148
5362
5410
8410
459
7712
507
4309
8651
358
6864
4591
2305
2480
4553
989
6657
6109
7517
2843
8616
2134
5986
3958
7724
1239
5957
6069
1565
6301
8461
8564
2100
1834
4439
2401
2506
642
5899
3259
1954
4335
8410
3659
8347
5127
1350
7622
7573
6673
3910
8257
7544
1661
8262
831
1581
1745
1773
7036
4387
5015
5765
4036
1027
8597
4526
8523
2178
3434
6874
1387
2935
6790
542
1163
1321
7908
847
2743
8954
387
5981
225
4933
3296
7211
4207
1519
5646
4818
2839
5070
2413
2887
333
6135
6300
1143
3127
7263
8978
5617
7936
2202
8416
7885
7401
2698
56
6675
3975
8882
1788
2436
3093
5923
1088
8451
6033
5893
294
3569
837
5175
2956
409
2402
6568
6458
2827
3402
316
2524
8356
3493
2683
8034
1243
67
8316
8814
8331
3430
6288
1391
8103
2455
2056
6269
1498
3620
4303
1632
7925
717
1459
6750
3706
7684
8593
4619
2548
7057
8213
4768
257
813
7536
1817
6641
2613
3566
6394
7732
6180
2075
3225
2888
7730
1917
6858
3521
8284
4679
2271
2197
352
3379
8378
7336
4755
4885
313
4002
4323
5942
3600
4034
1733
752
6540
8428
8151
4849
582
2189
8512
7758
1998
719
7872
4681
4484
1194
8014
7655
7200
8621
3698
6807
2507
2427
5322
6153
8046
5006
629
301
1535
2535
2795
1679
5
6813
4951
6123
1848
1243
901
8538
7267
8815
8988
1674
373
7812
294
1440
1799
1830
8103
862
4298
1952
3333
3001
5149
2804
7025
8664
67
3497
8035
6240
6321
7155
1295
4192
8788
5324
488
7882
4724
2568
5218
8607
7099
3274
7236
2317
3899
8980
8057
6712
8665
3369
8437
2569
8947
5860
850
8554
5390
4959
674
711
1133
7010
8829
6817
7109
8715
4238
3017
4539
2318
2842
7769
7294
1615
3309
7261
2209
7758
6858
3070
3544
5614
4181
661
4100
5712
3005
1189
7831
3315
4445
2167
6698
2998
1534
8292
2695
869
1178
71
279
4599
6178
6083
7943
3310
3577
8592
8487
4269
5949
165
3408
5894
326
2013
1991
3686
7165
964
2948
8883
6604
4801
6958
114
474
2477
8146
1241
8803
3743
1692
4785
7560
5453
1287
1265
6168
6572
2723
5812
2176
6990
2115
7574
360
4557
39
257
4614
1119
1711
4528
7529
104
1764
840
1615
6749
7782
1040
5039
4443
2185
6814
7873
2783
1559
6965
8644
4724
6114
7536
390
6302
3587
2090
5873
6963
3319
5344
7729
5323
7727
7537
2937
90
3018
7693
709
7253
3267
8361
7587
5693
5630
3025
7316
5410
703
1021
8276
980
2241
3708
2684
7619
8946
1713
1067
5188
5577
4682
8353
5991
6805
5954
3370
7034
8380
29
1318
2673
4852
5711
581
3705
1581
7761
3655
3845
1654
2359
5551
410
5236
1251
8082
4986
2020
3413
2948
6828
3484
3614
1771
1172
12
1166
6081
6935
7472
3826
1390
4546
163
6202
4648
2129
6723
5144
1856
4073
1982
4691
7430
8886
1023
4590
4919
4992
3912
626
6521
3368
3578
1106
1002
5053
897
373
1255
7367
3335
945
8279
4353
5877
6041
1253
5162
4639
7848
6063
7574
4438
5477
7138
8318
4129
7122
7307
3813
836
4717
318
6465
3362
7780
180
656
2994
8558
1752
7678
8354
819
7404
3299
581
4371
5905
1094
1674
2411
3455
6025
8648
5055
2908
6736
4234
1620
3415
4843
7079
7529
5110
790
5720
2991
8999
5356
3815
3201
2838
4838
3662
510
6540
5955
8215
5669
6787
5374
2141
3124
2473
4475
3138
5931
973
859
5583
2673
6024
7694
662
8634
8884
6555
836
6000
5902
782
3150
2529
7664
5619
4056
7601
4010
4650
3871
17
4108
1693
4922
1352
8343
2253
3587
8705
2005
5610
3481
1986
7502
746
6706
1695
5520
4245
8993
2514
8175
2811
4213
5943
4614
6297
1776
2977
5414
4736
8695
7281
1706
4642
1572
2416
8279
2081
2189
1243
1455
8086
2241
3957
1110
1401
216
8505
505
5462
4047
8558
4487
1123
4425
950
7768
4005
4959
8371
2538
7672
1527
5496
1897
8423
7606
6078
4013
5848
2006
6336
4879
8238
1878
837
470
1248
6199
6813
1906
7939
7485
8500
6989
2445
3382
8052
1087
8476
5989
3013
4668
4346
1236
6062
1862
3963
6645
7309
1287
1888
832
3637
3931
4290
6059
2125
4681
5318
4971
5234
1400
8588
5418
5670
5572
3202
7616
6518
2042
6022
2853
8228
5009
5507
5200
4185
529
3452
1268
4725
7648
653
8368
3141
1552
7858
8214
6308
471
1656
8374
7687
4919
4973
6168
6026
875
3295
6261
6077
6721
4715
5108
1041
5770
6592
1614
7581
6471
5343
2783
3040
2919
3683
5998
7553
1306
7357
2469
8983
5715
1064
8428
7573
591
2943
3416
3084
7377
3348
5913
782
8546
3750
3347
5212
7868
8333
2990
4478
2351
2079
6538
1441
465
5918
6749
1767
7810
7753
4773
880
7584
8979
487
528
1363
187
3631
7896
4039
6282
2713
2077
437
8987
8026
2730
1740
7939
1896
2613
371
5449
8645
756
7214
2480
1203
5680
8463
5397
2078
4624
7843
3940
4555
515
6537
8109
1591
305
6435
120
2958
783
318
873
3852
3549
4376
8901
4397
4168
4524
396
4370
4002
7957
8221
2511
3159
7284
6270
4907
7398
7378
3135
3315
3313
665
4349
6535
5064
2335
6726
5074
4512
6489
2274
1348
5154
2351
4646
8246
7222
4566
4245
830
1129
8091
4234
4236
5438
7898
1803
597
3900
6400
7309
8073
637
3427
8704
1921
8844
4944
1251
113
8484
6903
7364
5485
1672
5499
7782
7191
4489
6882
6991
2400
7363
1714
284
5976
6048
2454
6268
8419
4571
122
1324
8593
1415
91
6227
6412
4804
5873
4398
3144
5787
1417
3275
2648
5128
963
7546
4408
5194
1007
7009
4489
4730
8897
1426
2355
2910
7021
2522
832
2171
3006
5355
7427
5609
1342
8497
8255
7584
5720
5833
1679
5989
3593
307
8376
6217
6270
4502
8932
7105
7533
5803
6670
661
5672
8774
2960
4349
5314
5012
190
6945
5223
4381
3593
3349
4950
6763
6778
6506
6973
4701
1649
4089
8869
8117
1594
2492
141
394
5194
7655
8426
3297
5247
7822
327
6803
3056
7728
2995
6317
3334
1365
8896
8270
4766
6477
2989
6752
6572
406
7424
35
6634
3436
2
6650
943
5053
2966
2934
615
7177
7666
1098
4178
6880
872
8104
4012
6005
7054
4599
4850
6537
8696
1246
4393
8914
3079
552
8705
610
3
2824
2379
3599
567
7205
8958
6580
2022
1665
8898
7393
7983
123
971
7097
4863
4207
3974
4105
3524
1636
4196
6800
7689
2931
889
6918
7877
6206
6569
4972
3620
1340
4528
2237
4131
6336
5346
4618
62
654
3297
1421
6486
5825
4791
80
2200
4658
380
1888
176
2844
1466
1257
1183
96
2763
2635
5782
8762
2926
2561
7480
2293
7477
2180
6726
6341
1930
7865
1630
1189
5328
5260
7937
2553
7489
2328
3613
4391
6018
6356
7914
8784
2228
1509
3122
3280
6617
1397
6390
6019
51
8603
6820
7830
7382
7790
2983
8839
8375
5279
2849
1605
4343
6736
2589
1575
6747
2848
436
1026
5598
5553
6870
1169
8915
1631
4081
1472
2829
8801
8113
3951
6929
8568
3131
3315
168
4003
8097
245
7254
1873
6396
2394
1791
5251
2140
5643
8177
3116
7447
1038
2796
7680
6309
5040
254
7018
6666
7043
8620
7641
824
4584
8455
7781
1878
8419
747
5108
2403
1094
7500
4609
1863
5825
5712
2696
1815
7848
1139
7991
5369
8787
5132
3808
3708
849
5193
677
7921
5630
5393
5276
5969
2706
7507
554
2983
2221
285
6749
5728
3884
7595
1344
1213
6127
4148
8038
2931
4451
5223
7943
6804
6620
363
1227
2534
4766
6952
2949
6048
3861
8728
7592
1924
7597
7046
1605
7803
724
349
5491
1198
4459
8198
616
397
1896
5663
4347
8523
4391
535
1559
7035
5408
1722
3901
7448
4530
2675
80
7310
782
1602
6123
5737
4121
8910
8801
6631
13
1431
5450
8685
8118
5847
5089
8722
2256
6436
3006
3388
1896
2540
8863
3998
6096
6499
2562
6080
6433
6716
8238
2970
3953
4172
1600
6503
8988
7823
4002
5607
5091
8114
7216
7416
8289
7910
5592
8730
3584
5785
6640
3924
2216
4817
6886
1330
2337
4104
8790
6137
2594
8918
6387
2071
5542
3789
3602
2562
4087
1085
3561
7917
4341
1811
8899
5087
8645
2374
2386
7548
7555
2712
6110
1189
2318
1385
8779
2638
8281
1220
8641
6012
6803
3477
7404
6709
3961
8147
5432
2079
401
2573
4191
6927
7660
2834
7516
121
3134
6772
6905
7020
6404
968
5304
3463
4048
5930
692
7297
2977
6443
8295
1013
2902
7116
5989
8513
4931
7082
2797
5452
5561
1142
4373
529
7739
4617
7327
7380
807
3200
5992
3611
6224
939
62
5319
3530
7516
1828
1981
1203
8774
250
7848
5562
282
921
4651
7140
1198
3323
8124
1325
1688
1987
1207
6519
1592
6552
7780
5387
7616
21
2251
6982
3552
6337
2659
4277
998
8897
7893
4019
632
3145
4479
3103
8310
5064
6421
2718
6378
3716
6827
7204
944
1344
2235
8517
824
4623
2236
2472
7114
7439
4167
7575
6134
219
8612
8964
5311
3847
6978
6598
6169
3080
3093
3134
6093
7794
1595
304
5990
5637
7341
812
6394
7499
4950
6208
5810
1963
7462
176
4807
4023
7338
2338
6305
365
2981
7362
2389
2560
1844
5861
5557
951
3653
3362
6184
3038
6877
5359
4783
6440
3136
4409
5496
4193
5945
2970
4000
5838
1178
7260
3173
3546
115
108
1497
4650
2633
2097
8279
6676
7764
2885
5386
8891
471
7109
7179
7657
3394
6201
4225
678
4246
2021
698
2751
3633
8780
4408
8814
3348
5018
4524
3471
8670
4411
7451
7161
5368
7238
2363
596
8359
7181
5025
1849
350
3560
8307
6793
371
4155
2356
8234
1315
798
2184
2949
972
2643
114
775
3291
47
4800
2885
2791
868
7069
8353
6215
6072
7635
3713
5191
1741
6280
2186
3840
4260
964
4549
8560
2166
1668
1189
379
1559
3072
1064
1253
5064
2147
8033
8802
7611
6184
1294
8170
2701
5403
6740
2551
6408
2466
7359
8315
2006
5137
3244
1992
8494
5013
2619
6611
5322
7210
6908
1935
3592
1024
453
3106
8998
7333
4771
5225
4320
4878
3035
6095
1895
6166
5381
1504
6794
1699
4312
1565
8596
2457
7082
8668
6612
738
7672
120
6041
167
4963
311
5959
6762
7174
2179
7802
7646
8910
321
5096
6377
4450
3084
8069
6837
7281
327
4527
74
3862
4928
5019
1139
3741
7120
7793
6109
2532
6518
4835
6304
4723
4698
5450
5228
4507
2626
1612
5845
2245
5783
3596
6274
5920
2990
8754
8919
1102
3957
5591
5792
8167
2691
3457
5962
6612
1817
2780
512
1182
4370
8192
386
3257
931
3807
2645
3101
8393
6855
8581
6035
1042
4641
6850
4078
7950
37
4122
5004
2632
5631
5817
1239
3419
8302
49
2248
7736
7837
7518
1620
6957
201
5526
6537
8397
3479
6090
2455
2945
2734
252
2400
7477
4461
8511
2879
3985
8537
5860
2528
2699
8091
6660
2354
8131
5927
701
3356
7383
2036
8856
2171
552
6697
8945
142
8696
4314
3575
2772
7575
465
561
1887
3052
6183
6214
6333
3933
863
929
889
1205
7547
409
439
511
409
4369
2588
7072
431
2890
1444
8727
6730
2641
3931
1030
8959
7467
4360
7431
2686
210
6332
4563
3480
6290
192
4090
5550
6666
8059
7770
2365
8202
5794
2256
4003
3517
49
1918
5180
5178
4790
1398
684
1765
6190
4866
2362
3320
6992
4853
2331
2801
1927
5
6873
3423
8022
4415
2948
6057
6575
7412
102
5754
853
2114
5334
2532
6189
4953
5175
996
6638
5068
171
6525
7295
6171
3772
5523
8041
4178
5834
70
4939
4150
4779
4325
4813
2406
1192
543
8665
1499
7853
2778
1277
4250
4299
3280
7707
4425
2208
1273
5449
5495
2
5357
2840
8500
5047
8875
3846
6399
7888
1412
7305
3593
8226
1531
4509
1352
5746
3594
2940
2873
2728
3965
6607
3839
4626
5517
7576
6369
7460
6319
4598
5736
5470
5923
5427
2967
154
6209
3403
7375
8618
7455
2540
169
8845
4386
7881
3529
3061
3339
674
2620
2251
5119
3948
1492
6910
875
6094
8436
8896
1559
2493
5361
342
4237
7703
593
2700
5342
2269
4528
3206
7675
1577
8785
8687
851
5231
7117
4711
8115
3657
5380
4377
5353
1729
7238
1930
7915
8549
7394
5942
8269
6995
561
1261
6160
4495
3206
2523
7778
8491
174
6808
8121
8664
3828
7632
1684
6387
6247
724
2696
5217
572
7132
7610
3295
3928
7656
4372
7853
7514
8188
1398
1847
417
8815
8317
3089
4274
814
4267
6808
2441
1885
8610
4277
2667
7499
8734
8397
6214
338
1554
5869
8872
8729
5859
1321
47
6045
8307
3036
6424
4490
8658
7461
1879
666
2570
3815
4018
756
307
4928
7119
3255
1476
739
1664
8798
6518
5351
8941
3510
1026
8411
8008
1450
1522
7769
2247
3165
1505
2424
3776
4757
5738
7797
3847
3163
3954
6506
4747
6796
2627
2037
4770
7021
1276
5162
8725
6600
7749
7560
7959
2253
459
6877
3171
1816
2965
5615
7660
992
5343
705
1790
2995
1943
7357
8026
6778
1917
2074
1846
2481
8903
2029
3770
3528
4163
7759
7186
7241
8450
470
4180
7328
6116
2865
1466
471
115
8242
8667
7287
8974
5129
5168
8656
3544
1492
4003
8609
3861
8873
3183
7125
7739
7703
1416
582
7244
1125
5181
1796
3785
221
3130
7551
7227
1736
8880
3989
6926
5294
4170
5658
6616
6931
7815
8622
6438
6826
5110
6580
5504
4209
6128
5267
4620
8860
7942
733
6761
8494
5388
1069
1902
7803
6273
1989
603
220
7144
4656
4242
8057
6645
6245
3545
3781
190
2272
2149
7761
3321
8752
3428
6151
1805
8015
161
3081
2046
8649
8775
7978
8430
6097
2853
8411
1074
4034
4959
8841
8967
135
1015
6538
3988
3153
6396
3667
7042
6961
4448
4860
8959
4361
4132
5086
6339
3571
3064
7885
4803
5831
8752
4028
7641
6801
1098
511
5601
8907
2966
5115
1020
1201
6274
8010
5351
2823
1136
8666
6768
4717
8335
237
60
8399
7596
7069
2068
2938
5746
4883
5298
60
2317
2450
8552
2238
826
168
5693
6835
719
3379
3837
7138
15
847
3567
7548
8203
5444
6240
919
212
5582
3027
357
6036
1914
930
3370
8784
4193
5229
4230
4752
2401
132
2208
7639
2961
4344
4315
6476
6704
7780
1066
37
7417
1973
7035
2624
2390
5153
8477
4873
2494
8107
2254
5714
5959
7736
8171
1243
6802
6798
2355
1006
3446
7464
3796
3519
4935
3704
7632
5279
5540
7473
8221
7339
7747
1594
2748
4711
8597
8465
1595
5887
3905
1426
651
8890
4796
1764
3111
8890
2016
770
7214
1483
2990
4348
5500
1190
3720
6676
3558
4875
5955
193
2040
10
8649
5854
6980
6918
4653
7847
4713
4884
2162
5750
2302
2687
4458
260
2539
4283
270
1588
6134
1348
8526
2977
7361
5960
3897
8146
1455
5596
7281
6733
5676
3296
8998
7775
2478
779
1833
92
2118
6739
6868
3927
1243
2427
6931
4984
6877
6188
8424
6919
5262
7889
6239
5867
2238
5538
3294
8288
2833
1649
3655
62
5263
8054
5684
6785
6682
2609
3052
2880
7297
3779
8170
3192
4610
1773
1599
7749
5172
6032
5200
5828
5192
6983
4797
6149
7451
1575
8319
7643
8067
4306
6756
5562
8928
376
8074
2258
764
5613
2974
3755
8242
4757
2905
6213
173
3064
1766
2373
6999
5709
678
6824
5614
2686
3371
6421
2429
4330
8236
3761
344
4530
1929
4890
5075
2941
2253
8483
1285
1770
5584
2848
8196
4697
7618
4398
3814
8021
5527
6534
1766
3146
5893
5219
3583
2237
7730
6521
4970
8392
8961
5910
3253
2951
1984
2661
4816
3653
1909
657
6327
5149
6107
4889
4803
1332
5968
6048
8032
3235
7841
4225
5813
3464
6295
8724
4177
262
5142
4488
3246
8258
5306
7864
527
5736
6147
8078
5514
5686
475
1876
3978
1595
4439
5678
365
1794
7025
159
1811
5858
2340
1350
4536
4349
3183
7354
5390
4330
4039
6655
4701
2505
7300
4559
1586
327
7059
6171
1594
340
6965
4603
4681
4122
8810
5890
5718
7032
505
797
5653
8041
4357
4811
2895
2350
859
3891
1559
7039
620
3567
5343
7842
1018
4817
6365
2050
5381
5222
4076
4674
6732
2862
5624
2146
4423
2394
8429
1908
8759
6836
5788
7314
5059
2368
6832
2484
5531
5275
2187
8536
4588
5660
154
893
626
3469
2936
5438
3041
6843
4340
2358
586
2384
3102
998
274
1898
6675
7910
8142
527
4748
1081
2524
7163
4784
70
7265
5002
6231
2186
6748
8010
4090
8009
5500
339
4724
3375
1446
703
1205
4476
4638
2162
5612
1192
126
275
631
4701
8519
8759
5067
2354
1675
7354
8129
7364
2324
2178
5122
5277
4262
6826
6708
5770
8673
352
4693
5758
8241
1014
2
2080
8586
8808
4727
7526
976
2960
8162
5224
7370
4383
4508
5937
3652
5237
4050
5866
2671
8455
4930
2523
8953
1319
4169
943
1206
742
5911
1161
6207
6545
4805
7955
5841
4157
5445
374
8252
5742
8818
1751
8382
8006
1133
2830
5510
1076
1776
461
5083
6958
1888
444
6527
4393
898
1940
7132
3151
8295
6320
8745
4053
5824
1081
3911
2063
8846
8908
1072
6225
1975
6468
2232
8846
1718
1881
5624
3306
8313
3932
1728
3112
8504
1317
228
467
696
4736
413
5848
5392
2905
4469
8376
4502
679
3136
6101
4725
5799
7295
6980
7946
896
7842
3189
8370
6891
2054
5926
1016
721
6579
4348
3380
7914
1977
2943
6701
2098
5325
6579
558
1885
4792
6542
45
6190
3950
5184
8063
1388
1650
7496
5696
2060
946
8979
7270
5237
7381
2410
641
3897
5555
6548
7075
342
541
5012
8586
5271
1671
5111
653
3867
549
6637
4156
5310
870
8063
8924
4198
6862
5735
3129
3819
2497
8162
8414
5016
6001
2192
5109
1263
3787
7887
2769
5996
3352
505
4625
6411
8419
7310
5457
4226
8831
5082
8539
1607
6518
704
2050
8822
7011
3104
3929
5796
8223
4639
861
5139
6310
985
3494
5259
2189
7040
2704
505
1653
5558
5127
6964
4355
4856
2504
756
5694
4529
5703
7234
6088
3048
4901
1033
8124
2081
6932
4415
6147
2125
6601
7162
4734
4421
3793
8890
6443
1977
608
614
3333
8287
5570
4939
6476
2649
8791
7447
3625
8059
1055
7751
887
6337
1468
8290
8115
4979
4069
4766
4956
8949
4641
8451
7279
4918
3548
5312
7326
3729
3601
5426
5076
1377
8083
2320
2781
6548
5399
4325
6755
6251
8488
105
2459
1492
5286
7812
4613
3808
469
5420
5531
112
1986
4506
8170
3462
8192
6573
7964
3029
7342
1351
6979
5051
7807
2071
1292
3143
4362
7954
1130
326
8760
4509
7407
2928
3250
5983
5586
5396
2344
5303
7487
8524
193
103
1257
3763
3567
4015
2160
6352
1859
539
5054
6624
5708
2834
4522
5544
2691
6241
5857
416
4662
1719
7013
409
3026
5873
2641
1932
8267
4350
1453
2605
6386
5322
8401
5132
7065
6534
7253
8257
8016
1942
7887
2897
3477
7868
6994
4676
619
442
6379
6601
1952
8145
5459
1619
2115
4817
3703
7018
3691
7060
2203
5830
4425
4968
172
45
8309
6121
6662
7435
8847
8092
1388
8170
5664
7646
4063
8405
4528
153
533
8636
6600
1394
7550
3115
3951
7666
55
228
883
1381
8019
1534
8412
1270
4789
4776
382
6526
2581
8442
4472
8941
2595
7998
5524
1127
1752
640
3732
7453
2068
5758
1102
2011
6454
4156
3836
4399
2966
8151
8286
7624
954
6710
8329
3850
8808
7793
6063
6377
2497
1190
44
2126
6067
4827
2664
3793
7871
5843
3462
3149
8088
5048
2200
3446
1417
8628
4496
5992
4599
8007
7869
3447
1369
1757
567
6134
3725
8762
7331
5025
7177
2882
1984
4860
3989
2408
1422
3019
5037
2415
1832
4588
5918
5469
942
6858
4040
8981
1857
3876
6293
6962
6913
8125
3728
7497
4125
8482
1180
2173
4294
3652
8681
1193
3014
5973
5861
557
409
213
1595
2343
5798
8051
4471
1237
3029
8064
2750
8256
397
7272
974
8174
7046
5937
5051
8836
241
7177
8107
6890
2049
8490
6825
7320
7831
8107
7378
2191
1624
4862
8825
3631
3144
221
436
4884
4372
1973
2676
5207
8777
4237
5292
4802
6970
4062
5813
8134
321
6513
5361
8898
318
4112
224
2281
7640
3657
4136
5276
2715
7549
5625
1572
5549
6386
7076
33
6725
2165
2456
4615
2135
3796
179
2737
3524
7560
1083
7562
861
4410
2300
1423
6083
8519
5273
7255
327
21
7530
485
8151
7620
5501
3368
3226
978
1435
7563
2945
1272
3959
960
2579
1905
5516
6006
5553
2106
4102
698
1431
2861
3400
300
5010
4273
5391
8284
6283
3481
7842
6225
8247
4930
5030
6704
6321
4769
888
1136
4231
7925
6727
3012
2488
5652
6525
6878
8250
248
6772
464
8911
7723
4734
8847
2981
5633
8198
943
2610
4660
1407
7346
6647
1020
2143
3490
6196
6867
1741
5178
8010
6448
2991
1555
2417
2606
5724
8906
7936
8055
5887
1111
1999
7716
4185
840
5520
2035
4631
1177
8591
735
3360
5990
1802
1275
6770
2210
6819
1319
5601
6151
4464
6085
5007
8424
7210
3163
2608
5684
3269
4269
8072
473
5090
1948
3433
8921
1524
3210
7807
4643
6723
3722
5832
7741
8857
6444
8677
3929
7771
5912
2008
6218
6739
1783
6694
6499
4196
1473
1910
3569
5759
1234
8004
373
2528
3275
2953
7316
1467
4602
2383
962
2090
1814
1020
3918
2553
8371
3893
4247
8095
3442
5435
8385
8975
1143
2074
4590
4708
2889
3835
3432
6149
2402
606
3895
2511
7549
6776
7395
6987
6137
3726
6335
5530
3935
7576
3902
123
2413
1091
2760
8959
4507
242
2779
5504
307
3724
5831
60
6737
2221
1865
2997
2879
2657
7988
4256
5145
6047
6191
3763
3831
6308
8783
6394
8034
3061
6203
2692
6579
6897
5255
7994
5991
6697
4317
8803
8285
3781
6982
4307
2533
8455
5271
2002
3988
2166
5687
4225
4490
4409
5587
7851
8470
7047
1163
5178
8727
4696
657
8265
7283
6210
2849
4322
7090
276
767
3264
8439
3923
3494
1603
3738
510
4484
8488
1178
8684
8113
7816
6708
6707
5575
2718
955
3228
4253
3629
6748
4547
2260
7650
3532
7820
4271
7553
1136
8296
242
2653
4211
5193
6499
6621
5514
7566
3970
5243
8110
7043
7425
4840
8469
2402
2361
5502
1015
1965
5878
4090
5117
8682
5923
1149
1174
6578
506
5279
6636
6928
4040
8299
1031
6629
7056
8346
2999
7462
4045
7089
7713
6668
7118
8940
7590
4082
572
5323
6318
2632
3661
4392
1908
3010
3872
3266
8673
442
5562
7868
4913
335
2107
5667
8117
7501
7967
6770
6215
7227
795
1992
6354
2942
6870
7797
1251
7404
908
6586
4191
8733
5428
248
3267
8875
3765
5740
5419
5094
3583
6622
3737
3962
5965
7276
1564
710
738
764
8028
3973
874
6167
7755
5361
6184
3493
6874
846
499
8342
3314
8581
3463
6351
2058
5183
2522
6587
7372
7865
3621
3529
1070
4942
2406
4057
5705
4533
5361
7026
532
8258
6784
922
5645
6326
8956
6285
6803
3504
6801
3247
8937
4523
3895
2338
3730
4391
1675
6595
8350
3339
1344
1224
1912
4854
6756
6413
283
7153
86
7647
7894
2544
6146
2018
8139
6284
4576
8293
4718
6251
518
2556
2668
5717
6450
3743
6779
147
6140
1068
7289
3451
6679
9
8149
2192
1740
495
2
1839
159
3002
6173
1491
8962
7289
6332
5079
8861
8556
1008
616
2564
2626
2271
3658
7532
4410
3830
8959
839
2295
7288
1511
499
7947
4596
4169
7220
6951
1351
6894
6057
4710
4356
2485
6247
1755
3111
4258
8582
6181
8888
5519
4321
3600
702
7128
1923
7631
7336
565
8945
2417
7112
8982
8576
4269
7329
8035
2052
347
174
771
1413
6448
6993
8992
1719
1092
8279
1935
8801
4969
3378
7827
4914
2373
7473
6605
3535
1451
2529
1375
6559
5281
853
1894
8801
7033
5894
885
4105
1775
2316
2806
7637
5010
4306
1015
834
6667
537
7248
8854
7070
6512
7731
2345
8527
1341
6867
2565
4258
3656
6560
6721
4819
704
3363
2573
4853
7964
6330
8302
7165
6481
243
1842
8658
4353
7274
5017
3940
2982
2484
2936
1620
1809
2760
5810
3573
5157
8077
2595
3560
3213
2012
5473
6355
6731
48
6898
1804
797
4514
5359
1818
7993
8095
3552
4682
7462
3421
3284
4055
1546
1454
6742
3600
6907
1603
6181
8835
8500
6635
3532
6258
199
8860
3697
7477
2722
5998
7613
8607
7184
7415
5821
2692
303
2526
901
1137
1714
6131
4987
6012
8408
6083
644
5508
5889
5135
5288
5966
4077
2051
7999
783
883
959
5225
8053
3422
1093
2759
6978
3906
5120
4809
1542
6661
324
4607
3366
3568
2352
3055
6017
6713
6073
5351
2253
7783
5734
3456
2038
1047
6894
4018
2907
4369
579
2265
3489
5863
1009
8375
2410
4922
7926
2932
6048
213
2784
850
7187
597
3781
4650
4279
3608
8641
8143
2828
6819
2501
2780
8646
5699
6898
3477
3665
3837
4442
6329
1461
7956
3629
3636
1003
2370
68
1912
5533
3088
5026
3251
5034
3899
132
3014
2916
8690
2436
2182
427
8504
2028
8164
1822
4842
5818
8164
2634
8407
6560
5569
6720
3597
4942
6184
4448
5923
8444
2075
2590
3629
3322
5294
3975
5161
7959
272
6118
7775
7102
7607
4834
3991
250
5149
2777
8970
3316
7593
3596
1423
6062
3652
1656
4707
7271
8251
464
8968
6003
491
947
824
721
6610
1258
630
2966
6002
1240
8325
273
8560
3981
2420
5033
4249
2362
2798
8426
2538
6733
8642
61
369
4244
6323
5206
5627
7036
1767
8557
1526
1008
4826
7913
908
5859
6897
4556
5838
5448
522
1563
1877
4536
3944
6137
7669
184
8048
3502
6553
8397
3520
2662
5666
8787
2343
8682
813
7349
4148
534
5885
1569
2034
4274
5441
8329
7023
6966
5211
4145
2399
4294
6392
6617
3694
5607
5895
8405
8361
3995
877
7247
6775
4377
5320
2934
8997
1826
2699
3410
2648
7976
5425
54
6034
3012
696
5011
343
5884
2656
6619
43
4031
251
6185
5529
3147
4231
3396
1830
8016
4797
2113
5720
1493
3203
5784
1189
7209
6981
615
2500
5960
4400
1403
8912
7598
1971
5133
7179
3290
7019
8020
8674
1354
3007
7762
4606
2313
4409
6615
4922
7794
4665
3684
154
8512
7742
5157
7026
3343
7246
6277
877
8592
3976
7149
7435
2621
2420
2849
6524
1593
368
4760
955
7875
7826
3328
1093
1998
2926
3451
7699
2831
6395
6694
6231
4214
5416
800
6781
8215
8379
1642
5560
3247
2281
8650
3572
7760
4350
2252
8028
6072
5916
7235
1183
3059
5746
4936
1348
2241
6757
2237
1593
4510
995
5968
6614
6342
5209
8616
6065
8274
2262
5644
317
8162
4310
5653
6741
2466
8144
4959
2157
4881
6191
3792
1052
4443
5218
8329
1257
3273
1756
7796
5865
170
1085
2512
4112
798
4164
8607
6086
6141
2820
6640
4796
5589
8253
1917
3875
7239
2041
7684
1475
3934
7610
5772
7267
1706
3108
5161
3827
6058
3955
8053
7928
532
5506
2828
7707
6976
4409
5544
1584
1209
7323
8384
8235
4766
8258
8028
5019
1670
6509
3117
5381
1006
8106
3911
3854
2245
4281
2732
8624
6517
2382
7290
48
6931
56
7288
6532
6315
5572
4344
3580
7804
1203
6196
8075
8206
7020
2835
5641
5300
3395
7218
5515
4685
2096
8684
8654
6656
3118
341
8297
4957
5522
6319
1279
6732
3156
113
1613
5242
8488
5551
2658
4945
2754
5488
5613
6109
1609
1390
286
8675
6261
8694
6175
7355
8161
6477
8322
1648
7445
998
4785
1328
8121
3231
5413
1862
3204
6327
2447
66
1036
7159
3160
7140
5600
8501
4690
1745
3781
3421
8416
5863
7323
6441
7435
2904
3210
3288
6438
7770
6759
8614
4980
4741
1976
7854
2596
3567
4640
121
7797
1029
2872
5699
3742
7697
3694
6868
7714
3059
8568
2937
2050
2945
7398
4312
2315
7629
4898
8769
281
2953
5079
8580
4100
5990
4945
4237
4891
3464
2115
189
704
995
5313
2894
2119
1070
7860
7756
761
6915
658
4805
5647
4436
4191
341
4471
6547
1926
7769
3152
1619
7619
2464
7953
3467
4956
2647
6738
5187
5490
2357
358
3434
1493
6141
7004
516
5348
7548
7890
5859
7403
3013
8498
2367
5163
1863
3012
6867
3739
7506
8503
5273
5398
6739
6715
8348
6362
7729
4874
5295
5999
5541
2765
8646
8365
4931
7003
1770
4257
7988
1412
2854
3501
5526
2951
6532
8210
4841
1613
3202
5874
1833
534
6548
2990
2129
5575
3087
7729
4593
5106
1720
7784
1366
8195
7362
4440
7524
4254
4441
4047
6202
6802
6664
4764
2286
28
4795
388
2571
6587
5562
8565
7015
7145
4843
5713
2512
4382
3670
6931
5393
587
6271
7722
8438
7840
2841
2924
5585
4408
2240
7903
4493
1971
6770
2761
3939
1667
8713
8589
2294
3015
2744
5508
4462
7717
1230
950
4994
6805
6913
8509
7788
8393
3362
1766
758
5206
1302
8613
7304
933
8561
3615
1916
2413
2003
2697
8700
2605
5536
2363
4674
8618
5715
2512
772
1154
7483
5352
992
851
4427
1679
2481
5802
604
6243
4856
3732
6463
5225
589
6423
8361
369
5140
5793
7919
7762
2246
8693
6916
5057
6693
4472
7412
3735
8721
3829
7054
5605
5998
6067
2417
1129
6497
7827
6928
5768
869
1364
8970
6445
4920
233
2855
2186
3202
303
8595
5836
3101
1323
5071
775
6679
674
5995
3516
6229
4018
6318
127
5703
8508
8207
5826
4547
3077
5453
8489
1113
7891
2029
8551
5700
8365
4691
7083
3332
5179
4935
5215
4868
5916
801
3227
1517
7382
7697
4030
1392
3851
2425
4351
1480
7977
2877
5045
8798
7394
4527
5888
8150
1293
1966
8144
6289
1461
583
7884
4514
6353
7056
6041
6261
3692
4401
7122
2783
1944
8660
6260
410
1375
5060
1595
1104
7981
985
3277
7062
7329
7113
7402
6243
447
3298
3654
4407
1720
206
843
8389
8312
8313
3048
8528
2195
8505
1699
62
4416
4336
8132
4453
5869
5556
6807
3785
4542
6985
4570
88
3236
8595
1860
5099
8267
2165
3811
8141
5641
2686
5619
4786
1356
6965
1576
3817
2633
4008
763
5442
2507
5184
5004
4793
2649
4068
3506
7796
4086
1004
4291
5374
3859
497
1084
730
4017
1482
8044
7949
2179
6839
8957
7568
5704
3106
5856
8917
2745
1315
6602
6947
1519
5620
8052
4363
5151
7478
4327
4648
2363
5548
4790
1554
3943
7872
914
4004
8085
3753
2534
3140
1324
1264
480
6473
5987
5582
4291
8218
8409
813
8909
2554
1994
6854
3535
3281
2639
1970
325
6540
7983
5523
3531
2826
7427
242
8449
8295
8480
5933
3865
6937
2594
8910
6378
6091
8093
7595
2053
7488
3117
1275
5484
8607
5919
7992
4713
1489
5099
6761
7014
5879
248
1061
873
663
2129
3572
4198
8099
1305
3319
4049
8414
5637
3746
1269
208
6597
4598
4288
3513
5469
6014
7403
3100
4436
7598
3081
8675
1268
630
2943
7003
162
7580
6932
3579
7185
83
2929
4874
7125
4099
2681
531
1886
6677
8836
1370
8668
843
7514
773
4590
1493
5534
2846
4770
2816
1798
6546
7750
853
1206
5355
5944
6350
4234
3803
4681
8510
2441
2594
8472
2895
7341
2340
2104
207
6072
7066
2646
7142
271
6943
8867
2085
1494
5622
4233
241
5331
417
8816
6166
1197
7589
1221
4514
516
865
4608
6006
7980
2028
6853
8673
5100
4532
6920
8519
6339
184
804
3923
3690
1286
5598
215
8813
7129
8783
5607
677
181
3097
4703
4995
4955
352
8473
3640
66
7202
8754
950
1126
7660
4612
3120
2899
3602
3131
1964
2721
4157
8476
2757
5094
8052
6735
1147
4398
1871
387
5545
5425
1290
4782
3941
5993
8439
531
4950
3538
8218
1979
8817
1774
7706
3757
5294
8532
4241
1828
1838
4178
2219
1043
7303
7982
3834
2255
4380
2652
6520
4140
1582
6532
6131
123
1287
5027
2591
5274
7642
6217
8220
774
6541
4159
2800
1354
3653
2896
4010
1771
7504
833
8326
5459
759
4644
4369
6130
7533
5809
3363
1872
8617
1180
4546
6512
4742
2661
4293
6808
7717
5867
7818
2364
6221
7288
2037
2419
8139
7853
1137
5361
3327
1332
1246
4739
7457
7401
7643
4394
4575
7928
2793
342
8332
7839
236
5845
6980
5633
7484
5493
4263
7543
7243
4208
4072
3306
2934
3489
926
2029
5449
2294
8645
4372
4620
4546
1349
4416
1240
6634
5110
3946
8097
4860
1729
8386
7619
5092
8195
6979
3343
1995
5056
2907
3369
3587
8606
1650
7438
8420
3354
1259
4967
7235
5693
3892
5023
6841
819
4503
7836
2674
2113
7380
2557
7499
7751
2467
2480
4781
8203
8240
5619
5161
7909
3314
5258
1825
5398
1963
6884
7886
8058
8478
8071
7933
3479
7024
8141
618
6091
3541
8554
8263
3075
3658
8354
514
2534
3661
939
5230
6337
8748
538
5944
8848
7545
3888
4554
609
1122
1639
3780
8115
5317
4185
3658
5128
8693
7743
7425
7883
7735
4503
4677
4535
7920
1714
6178
369
3344
1176
1133
975
4766
8690
6550
5333
6398
6549
2666
7128
7337
2765
5168
2010
8067
3452
379
271
2737
2311
3807
3974
5452
8946
3048
4893
8559
1109
3236
7642
8202
8975
1965
4641
4080
5134
6423
4100
4253
4457
7659
2046
3165
7198
8160
1942
5110
3342
5749
5305
3671
1243
7462
626
6376
162
8237
780
8081
2022
2618
4701
6957
1765
4351
7789
547
198
5047
167
546
6660
1150
816
6871
5657
6088
5590
4592
7776
2433
1547
3039
4002
2155
61
4415
8338
419
6102
8010
3397
2727
951
711
5386
7964
6441
633
8261
457
1886
8058
589
5081
4753
7119
69
5533
4326
1708
8944
5369
2780
8747
5857
8347
7953
878
7408
7005
2017
8081
6679
8590
3643
3999
1305
7639
2414
710
1290
8387
7755
100
8588
7251
4534
867
5915
2964
196
6616
6360
1612
5806
5895
6849
1527
5656
676
8383
5504
5904
5603
362
7934
623
1099
4070
4726
4382
4608
7048
2324
5330
4752
7096
525
4351
5910
3078
6877
3143
432
3323
7251
8820
619
4362
5543
269
4947
6298
6494
3941
885
802
3733
5425
618
2272
1207
5435
4704
5983
2191
3255
547
2558
5137
3128
346
2153
3076
759
259
4532
4249
5779
3652
1491
7360
5101
3175
831
3573
5505
3
3368
7508
8503
8631
3061
4126
4322
7909
5153
1259
4285
3391
8472
1132
1808
1309
851
7641
8479
5578
818
3234
2980
2728
4618
6621
3690
8072
2859
8823
8933
8728
2130
1549
4550
8100
5160
6930
2578
6293
2600
1558
1997
2385
8338
6556
3752
6384
8427
5116
604
1394
6663
182
2211
145
5451
8714
1079
2898
6066
3417
5520
495
6946
4988
5451
7213
3790
2452
5415
6387
7860
2549
4492
3775
8622
8443
5267
7849
4773
6932
1824
8715
2281
1435
4971
7200
6412
7378
7383
6709
537
2085
4618
3848
2473
4664
2638
68
2267
70
2178
2365
8781
8440
6267
7454
7449
3266
4152
2045
415
4903
1379
7503
5775
3028
638
1330
8829
6542
484
8023
4142
7939
1231
800
7682
1816
391
7050
2201
7054
8139
580
7140
1065
6574
1238
1643
4107
4608
5405
4139
8163
61
4121
2716
6935
7420
7483
124
8759
8877
1290
2497
5410
5725
7567
4143
3247
7800
3423
8061
3484
7783
7666
7209
4074
1001
288
8946
1045
3581
881
5221
5192
8700
7925
6280
7903
4855
6454
2083
3105
3046
2879
7207
2386
6745
6617
97
6231
1676
2934
2390
179
412
2445
4693
5858
107
5481
435
6496
1530
4115
3885
1568
7812
5977
6237
7173
976
199
2682
17
4607
1238
6412
6401
3111
7541
6798
5998
2359
4146
848
6993
2892
5585
1124
2989
770
3837
5310
3669
6603
1582
8082
7855
618
8781
7178
4686
996
8146
8308
278
8713
5741
3354
3289
8662
5399
7367
4352
1116
4822
167
4527
4130
3939
1292
1348
1224
2397
4291
1449
5925
5583
6620
4427
6037
2480
2869
8136
5067
7939
5826
2851
7573
4586
6687
7273
7636
6594
1756
2290
2150
5458
6340
8865
2351
1576
2111
1525
2939
734
8769
6583
5685
497
3172
4566
5341
6211
3807
6535
2372
1409
6566
7865
3992
448
1374
5231
5271
3559
1191
7533
3956
6973
4121
5598
6944
5336
8015
8461
4240
3201
2566
242
7115
4659
2549
2375
8080
1661
6434
334
8163
8692
7407
6722
2558
8694
6330
1308
1545
6344
1902
8773
4248
6749
2682
1350
1453
4660
5049
6338
7441
2585
8172
263
5682
946
757
8067
6910
2112
1482
2322
4849
7520
6447
8603
8219
7849
520
2718
8108
6510
3204
4204
3218
8149
20
4252
6103
2857
1102
158
7228
619
5279
8360
287
5333
2742
4720
1715
4278
1285
6788
7740
2616
6089
5714
6213
1922
5307
8838
8116
4692
4819
8500
6057
162
4074
7075
7111
3936
4547
5390
4039
6939
8976
1257
8122
2930
5160
1524
4162
3642
3931
3685
4283
3007
6176
8115
4097
7908
5880
8850
1698
8629
8446
8475
2781
8790
6787
2171
1608
8116
947
102
7541
2081
2946
1064
8745
4182
8079
3617
152
3819
4719
1885
8870
8709
8070
3149
1589
4849
7317
8522
6121
7976
6024
8350
7830
2066
8484
979
3942
4022
1401
1982
7131
7827
8925
1562
6153
3777
5028
4129
4381
8953
8960
5289
1759
3876
1872
8206
7490
1752
1625
7692
7606
903
7742
6912
3376
336
5178
4250
2503
642
7839
8366
2349
1350
5965
7857
1525
7903
6659
6709
2431
6515
4804
568
3680
6546
3339
1220
1811
5109
7460
8972
1245
3334
4862
2470
8187
357
6534
3978
967
446
6372
4994
7327
1764
5274
5629
2141
7512
8427
7207
7734
998
1582
1463
6614
2966
6678
8157
5166
4140
4491
1440
2115
401
6331
8951
8812
5333
1496
7996
8319
1343
6396
4667
646
3649
5394
1319
2775
8134
7986
2075
5021
8283
7202
4411
5868
3944
5075
7890
7140
5319
5833
7852
7141
6355
3069
5163
3847
4772
8906
8452
1460
7716
4626
2779
2456
8660
1871
1776
5027
433
4207
7881
1562
562
4738
464
8133
7901
8615
1611
4391
2121
580
3259
3939
5014
436
5522
5283
5790
8828
5621
3047
3654
646
5450
2682
7990
7546
6929
6635
763
7140
3090
5912
3472
7084
6452
8429
4694
1190
3493
6299
187
6654
1893
3057
4676
1384
5606
202
3833
8921
2088
3027
7156
5672
5008
7815
1798
4581
4026
8684
7132
7002
5957
2058
3884
8638
8159
1783
6805
6102
8636
1491
6262
5484
7555
2179
4460
7974
4893
8959
8719
4381
6604
4011
3125
160
6103
1252
510
4388
1499
1305
1252
3633
7543
6165
480
4786
2984
8535
1699
4039
5139
3780
5521
8461
3559
7043
909
850
2866
8621
2410
3891
514
5335
4120
4900
1796
7827
7142
2192
5801
4065
483
3025
3226
475
1962
8960
96
6046
4421
2892
3145
5465
6506
4040
4759
2179
306
5370
2288
8241
8957
4696
469
7187
5376
369
4030
4405
2513
1898
7840
5173
1358
7756
7868
2882
509
7988
852
6050
6549
3064
901
6037
6073
7513
4158
6311
6741
2490
1959
6513
2941
1747
4223
8660
6728
3308
2797
8021
7712
787
8274
1994
7189
259
4168
1175
3848
2779
7599
6710
5604
6114
5703
2006
3641
172
5077
805
5159
6041
894
5399
3972
8459
7573
6875
6090
2102
6513
7685
4582
4767
2697
5262
2101
3055
7920
3116
5820
3185
8129
3482
2401
7324
5532
2304
3634
8285
4384
3936
4195
3136
625
2800
7363
4453
625
8636
1500
4364
3853
7122
4858
570
8725
2277
4522
8454
4244
4197
3950
8778
5989
5669
2001
7613
1213
1225
3081
1322
6208
8497
7279
8037
3380
4264
8953
2523
4771
3390
1520
3682
4618
5387
3979
5667
6979
5277
5465
4008
4949
2198
6166
3478
606
4128
7707
4367
6887
682
4712
334
4106
814
279
67
7296
837
8010
3042
7089
7166
5378
6187
4988
166
6723
3615
6126
7438
6829
8841
7367
3605
5555
7442
5332
3785
2749
7017
303
3174
3006
7871
4072
7753
7864
7207
7121
1487
8878
8136
7885
6414
8663
879
3420
4568
8956
135
1248
4312
2191
5880
8002
1136
7678
4014
3898
1252
6270
8107
6891
8460
1080
8318
5235
2398
1698
3634
8965
4826
8513
4571
741
7929
7095
8194
8618
6010
3185
1703
4707
6067
4750
8898
8497
4849
3568
7270
1097
7309
2500
1535
2832
6774
8655
426
520
793
4375
8499
1364
5623
1249
4933
2802
6435
3943
2799
8141
5896
8471
1427
671
5862
776
7664
8308
7445
3105
5130
19
6451
8893
3563
7393
1077
8927
8595
4470
5981
7681
7805
2263
1496
304
8638
7920
2024
326
4974
4750
1366
4717
4409
3312
181
1013
3891
6926
1205
4469
7709
5247
1857
1276
437
3989
6885
8136
7472
5966
1364
4266
6180
8016
2871
3510
2094
385
6049
8560
7133
439
8325
7466
8609
5560
4677
8937
7657
1437
7425
4
8799
2464
630
1830
37
1431
6888
6216
6731
6248
3033
8541
88
5361
5246
7891
4225
4058
4135
6668
5439
5009
7202
4540
3402
3181
6056
8095
7225
741
1758
4738
3351
7211
7227
5563
7125
8817
1850
5828
6882
4404
6685
8106
7765
725
8052
5774
7963
5864
6655
4112
8825
4077
5441
6371
1877
1482
2333
8949
3877
4356
3118
8770
7709
6240
7147
2574
4692
3197
858
3770
4389
7732
2118
6256
1722
1678
4114
2005
6112
1266
5237
1772
4340
1706
4804
5856
418
8486
6217
4448
8700
5411
6284
306
4799
6732
7733
510
7289
7827
3589
4627
5507
6709
6574
7296
6665
4342
587
7946
7465
1579
8549
6938
8274
4815
6379
7792
1695
5783
7576
7672
7578
2677
6216
6122
4674
7907
5978
5914
2362
1214
589
8047
3708
1328
4364
4365
3969
8288
3461
3073
6047
7383
2446
5057
4533
1533
4781
6443
7360
5456
3740
2229
7540
2572
8274
8673
7625
89
3091
6064
1997
3393
2101
1478
1037
6351
2203
8230
3952
3774
7053
7387
5183
4249
2571
287
6059
2754
4919
1487
1568
807
6289
2273
6736
12
5309
4827
1730
2111
2165
5213
1373
7872
3920
5813
889
2938
3923
3054
1393
2729
925
7693
8674
7829
4376
1249
2187
136
4494
2224
8341
6185
8956
2804
5403
4514
1494
4931
5550
7173
2708
782
5875
5613
4444
3481
1089
76
739
2337
1433
996
8580
2976
2304
1443
8873
6977
8008
5637
7118
850
5141
5655
8809
7330
2834
2967
1584
319
7326
166
356
6494
4289
7695
8615
2777
120
6432
4728
4339
275
2233
3638
2458
1674
6649
5759
3226
2969
171
2807
6269
7199
654
3668
7656
2142
5811
8175
546
6248
825
6177
8389
7128
4937
5283
1591
5382
2522
2885
176
7410
1626
975
8973
6586
3267
7429
8
83
192
1334
3663
6668
1755
5314
1970
8051
5951
3513
2603
3162
8971
7756
8156
1001
6980
7558
1313
1614
8295
6777
5460
1054
2412
3441
7753
2526
8382
1551
6939
4065
1638
5914
848
2362
881
2339
315
5334
7792
2700
7389
6287
6224
2717
1761
593
8869
5135
1269
4260
7899
8094
333
8010
1064
6459
4108
2053
6487
5233
3471
3089
2917
4702
5970
6321
3927
4288
3792
872
7720
753
2731
4884
6009
1048
6931
5776
3977
8425
6723
7143
7427
2775
7224
8087
2270
2870
2593
8575
7946
5871
3889
1562
7320
5314
7707
978
2818
6459
1150
8539
6325
1189
3639
1658
6475
7522
5333
6532
7638
6174
6062
5313
8857
3080
987
3328
465
5958
3808
3426
6180
5263
4371
4395
4063
5029
7588
7986
8110
1337
1952
4616
8337
5463
5774
3718
5469
61
1656
5306
6044
4634
8901
6734
4268
2782
5634
8018
509
2833
3044
7527
7211
8395
6828
3895
517
6363
3648
4760
524
2580
8727
7950
1231
7306
4880
2316
5996
908
6423
3551
2865
7544
1751
2750
8946
1694
7075
4229
5662
306
6267
285
7679
4996
3981
1434
2824
3133
3122
3493
782
4043
1206
8140
4953
1240
1457
2326
1347
6398
632
7513
528
1693
5843
5551
4303
3819
3531
7852
2358
3368
6519
7171
7063
8233
4377
5481
2023
6858
8716
3535
3293
750
658
4281
7559
4011
2625
2142
7041
3829
954
8700
8660
8004
7782
2667
772
6418
1319
344
6218
4539
641
2230
7031
3294
3315
7318
731
5355
1052
6357
2836
1262
5947
8369
5552
1892
2172
3018
3260
6361
8434
6011
6795
1184
6616
6101
4404
2581
1246
6908
4662
8149
6718
2580
351
4320
8013
1254
3123
4096
7514
8313
1485
4700
8443
443
3156
7820
6709
8735
1851
6690
2771
4057
5506
1445
2373
2400
5298
6793
8407
8075
6574
1130
1248
8497
8028
8285
2657
2287
5766
5748
5709
2696
2658
6934
3931
4936
8932
1364
5489
5816
715
2165
8367
7393
1548
2918
6506
1709
6021
3237
2410
8633
4869
753
814
732
4145
6436
6363
1205
3138
8063
2263
4541
6751
6444
1906
1774
2417
4853
3320
1397
2471
4356
6941
1692
2037
5163
7257
3549
4889
2851
2960
7214
5156
3259
6519
1878
2620
235
5662
2321
8052
1927
2165
84
7314
8027
2013
8970
6684
8070
4769
4182
4007
4174
3438
3418
255
836
580
5570
8810
7637
7187
7565
5472
7753
5929
293
5133
6702
6553
5034
3636
6312
7631
1504
4164
974
3594
849
3097
3190
7993
43
3815
2379
936
1681
7051
1278
2956
5583
3989
1483
1684
6976
6193
8428
8336
7529
2071
276
4747
7791
7083
8389
763
4563
6250
2714
857
7611
6971
4929
4041
7045
5998
8088
7844
3081
5266
2742
7495
8618
2898
6739
3416
7428
6706
8427
3453
8013
2921
8008
1518
8637
1182
8159
470
3878
5744
3348
7542
3054
4965
6145
8667
3027
3546
4595
6186
6841
2453
4791
5995
6774
5407
6338
6120
4172
7524
4422
6226
1709
6615
7842
3849
2748
8650
4622
2537
3619
767
2902
5855
7658
8021
4737
1101
6743
5281
4565
1322
8489
2715
5709
7376
1398
3163
8056
4676
4750
5786
5104
7810
8011
4806
7384
8355
3892
7558
3388
8087
3396
124
357
8001
6814
463
8039
2801
7006
2325
7497
7332
5668
7528
5368
7522
4368
8597
952
4038
2106
8152
1186
3558
432
8443
1241
8563
1002
2248
1832
4448
8483
8412
2161
3906
2614
4942
2276
1974
576
2751
7009
852
1848
8502
3041
6801
1260
5585
797
2537
3681
8959
5841
820
1324
6857
1895
3708
5972
4963
5731
1100
4093
7718
4209
919
2046
1673
502
7643
938
6629
3369
7553
5812
3130
1522
2601
2145
8107
2470
3835
7527
1134
2561
8100
2437
1064
3303
2515
4920
8167
3478
553
5579
4226
6926
5984
4024
2814
4309
7168
1660
3750
154
3457
1607
3653
3038
5447
5185
501
5026
6518
6397
8307
5054
4270
6066
6428
872
6535
3628
3198
5029
5907
2547
8436
6890
4527
3309
7898
4729
1006
2024
7849
8889
5408
2546
1567
2688
2745
5936
3344
7475
642
7811
5694
1252
4211
7996
789
1531
3238
5689
4261
2337
7387
6964
3357
7682
7405
3587
6123
1596
377
6062
3504
7056
3920
8244
2529
6149
784
4516
3047
4787
8881
6422
764
5047
1757
5395
3747
8032
2983
3826
5636
8504
8618
8957
2868
8501
8989
3047
5336
3336
7436
1670
8657
5198
4743
1254
3535
7159
780
7628
7126
6958
6244
7569
4744
830
603
1011
3616
7218
1752
6255
4936
1885
6334
3282
6020
6988
653
5196
5026
7934
7441
3031
2351
5946
7628
1176
8754
553
7597
689
6763
3856
700
8058
3591
4337
3681
3879
1448
6752
5999
522
3442
4146
7212
8005
5177
3887
1639
7666
1241
5988
2566
3452
5255
5247
2190
6121
5133
2474
2633
7179
8883
8088
4873
5667
6059
8484
5632
6494
1101
2237
5507
6099
6920
2299
2354
1208
5536
5724
528
1306
7062
5976
4545
8310
8080
1705
4676
1649
3350
3562
2908
8039
2266
412
7641
3319
1066
5658
6262
2324
5396
1788
862
4095
3989
3374
45
7074
1773
5821
8313
6035
4335
1750
6619
2978
6497
6573
7982
8589
6877
7424
2492
903
827
1528
2683
8136
6334
5418
5692
4785
5966
7248
3850
8424
711
6196
6345
2942
5782
1478
6305
779
8122
916
3292
3437
2888
7657
3208
8393
4144
894
305
6475
241
6941
8505
2562
6235
4675
6569
2363
3555
7468
6086
6945
3280
381
5369
5961
985
7137
1005
1
267
866
1092
3379
3184
7089
3814
5691
8969
6936
1422
4991
3880
594
3520
4755
4352
2830
516
8462
2828
299
1622
6206
4950
6183
4601
2300
4820
325
2954
5432
4184
8958
4147
6470
7670
1527
6565
1783
6293
2736
7167
5731
3205
1062
6478
680
3470
1527
6575
4588
7147
8594
8436
8743
5689
7273
7262
1332
8314
6289
531
6979
7594
5622
1280
7976
8568
8093
4894
487
7914
7224
7222
8061
3981
7893
2673
835
2174
2349
1415
3720
6500
1462
4025
419
5860
4635
6475
5453
8715
4941
3002
36
2230
7684
1673
2327
1687
8939
3387
4710
979
8824
3282
3515
8543
8235
881
907
8623
7275
1172
3275
7391
1649
8825
3252
686
4972
6612
5958
8621
4558
6615
2276
5389
5604
1474
3569
339
7110
2882
2978
7269
7296
4133
3808
1872
4169
5380
4510
4849
2632
6321
5465
7347
4809
5434
8441
4461
1120
3896
8334
6255
3601
6831
4722
2769
5065
479
7169
4195
2609
3597
4241
5375
8099
562
3449
109
1332
7919
2650
7445
935
1863
8136
2093
5202
7178
2412
8465
7036
3807
8765
1645
1393
2497
8732
1138
4231
4145
4948
7731
7673
6558
6410
4235
8633
2545
612
5540
5570
1503
8002
2201
1544
357
3879
2697
1746
4152
1770
6337
587
6864
7563
3677
1561
2583
201
7348
7946
8116
7797
2856
5851
3197
970
6581
8496
4775
492
6267
4504
4271
116
1236
3319
959
6579
2336
7775
1025
531
8301
90
7026
6978
5069
108
7270
4842
6548
8122
8185
8272
3539
5603
439
821
5892
1002
2976
5135
5335
1496
3027
7215
3242
4367
4194
7861
3351
2698
5927
6128
3844
3989
5234
8675
6523
3273
5886
1535
4998
2607
4406
1588
8016
7345
2544
5240
187
852
7068
5475
7827
2968
1874
5523
263
4709
1517
3259
6078
486
5279
1045
332
7162
5014
6975
516
6569
8161
5752
2527
2121
6017
7697
6470
3494
5433
6330
5349
4983
1709
8695
6858
8958
4821
2105
8844
7877
7272
1609
3521
1816
5294
6601
7950
7352
471
3522
4672
1185
533
2380
2129
552
8880
8948
6279
7156
3899
3049
2805
6241
7846
1601
5327
4336
2282
6346
8895
2386
1230
5464
7114
1621
8865
5695
4869
3893
4455
5026
8858
7847
225
67
310
5449
221
1942
6201
7876
4843
8754
4886
2618
491
5919
5363
5737
7349
4486
373
6017
7499
5007
5222
1536
5525
71
1807
622
5659
1445
8602
2989
4792
3138
7137
6392
1120
5628
8235
815
7312
5908
2113
6603
2481
3093
8783
7254
4892
7619
3435
1780
4769
5633
2689
8276
7297
4281
6800
3621
7597
8991
2353
820
7449
1868
7507
7880
4891
4953
7790
4748
4074
8795
8101
4514
5794
7753
3291
5027
4406
7701
8176
3467
2060
8051
2599
548
397
2087
4907
8829
1916
5574
4667
2846
600
5448
912
216
2479
8949
5070
8033
767
2458
8410
4084
2238
8115
6187
5732
6259
7241
6408
2170
2508
6839
5928
5324
1934
7507
5164
3352
2306
6326
8138
4888
3654
8067
6808
551
7798
1634
782
7425
1000
5217
1694
6662
6246
6220
5243
5077
7779
3267
1084
1630
243
1756
4814
4355
7970
84
6272
3688
2252
7570
4505
7779
6304
8722
2620
2654
2222
8747
5858
5317
7605
756
8880
3250
6503
3356
7191
3907
6956
7412
6098
2690
5023
8713
6816
8790
2612
4750
5739
6370
1105
8064
8607
7617
1959
3461
7888
7378
8566
7543
6719
6428
5585
